1.000000e+00 0.000000e+00 0.000000e+00 0.000000e+00 0.000000e+00 1.000000e+00 0.000000e+00 0.000000e+00 0.000000e+00 0.000000e+00 1.000000e+00 0.000000e+00
1.000000e+00 6.300865e-05 -6.029967e-05 8.625286e-05 -6.300645e-05 1.000000e+00 3.660830e-05 -3.760766e-03 6.030198e-05 -3.660450e-05 1.000000e+00 -1.468014e-03
9.999999e-01 -3.063623e-04 -1.255834e-05 -2.089871e-03 3.063610e-04 9.999999e-01 -1.033697e-04 -7.604443e-03 1.259001e-05 1.033659e-04 1.000000e+00 2.374670e-03
1.000000e+00 -1.428990e-04 -3.373814e-05 2.057313e-03 1.428991e-04 1.000000e+00 9.560019e-07 -1.752856e-03 3.373800e-05 -9.608231e-07 1.000000e+00 -3.268392e-04
1.000000e+00 -1.587674e-04 8.906894e-05 5.348359e-04 1.587665e-04 1.000000e+00 1.075015e-05 -3.205421e-03 -8.907065e-05 -1.073600e-05 1.000000e+00 1.747276e-03
1.000000e+00 -1.420147e-04 -1.133074e-04 2.497267e-03 1.420169e-04 1.000000e+00 1.918787e-05 2.855953e-03 1.133047e-04 -1.920396e-05 1.000000e+00 -3.082033e-03
1.000000e+00 1.018542e-04 -1.326399e-04 8.753455e-04 -1.018410e-04 1.000000e+00 9.887842e-05 -6.134899e-03 1.326500e-04 -9.886490e-05 1.000000e+00 -4.969702e-03
1.000000e+00 5.531272e-05 -3.873786e-05 -2.599141e-03 -5.531143e-05 1.000000e+00 3.313336e-05 -2.545174e-03 3.873969e-05 -3.313122e-05 1.000000e+00 -1.090372e-03
1.000000e+00 2.547809e-05 5.488109e-05 2.005479e-03 -2.547483e-05 1.000000e+00 -5.944754e-05 -5.220662e-03 -5.488261e-05 5.944614e-05 1.000000e+00 1.908160e-03
1.000000e+00 -1.414194e-05 6.977093e-06 -3.301825e-03 1.414150e-05 1.000000e+00 6.224772e-05 -1.395747e-03 -6.977973e-06 -6.224761e-05 1.000000e+00 -1.529067e-03
9.999999e-01 -3.210472e-04 -2.095205e-06 2.620189e-03 3.210473e-04 9.999999e-01 2.689197e-05 -4.165915e-03 2.086571e-06 -2.689264e-05 1.000000e+00 -5.269913e-04
1.000000e+00 1.317235e-04 1.848307e-05 -1.559625e-03 -1.317244e-04 1.000000e+00 5.272900e-05 -9.902794e-03 -1.847613e-05 -5.273143e-05 1.000000e+00 -2.128404e-04
1.000000e+00 -1.251034e-04 -2.282466e-05 1.536081e-03 1.251037e-04 1.000000e+00 1.131457e-05 -8.104557e-03 2.282324e-05 -1.131743e-05 1.000000e+00 -3.468056e-04
1.000000e+00 -2.112033e-05 -2.551147e-04 3.976844e-03 2.101782e-05 9.999999e-01 -4.017381e-04 -3.741077e-03 2.551232e-04 4.017327e-04 9.999999e-01 -1.292384e-03
1.000000e+00 1.095451e-04 9.690066e-05 9.655289e-04 -1.095569e-04 1.000000e+00 1.218075e-04 -8.055019e-03 -9.688732e-05 -1.218181e-04 1.000000e+00 1.656879e-04
1.000000e+00 1.428142e-05 1.522808e-04 1.523379e-03 -1.430036e-05 1.000000e+00 1.245119e-04 -4.991365e-03 -1.522790e-04 -1.245141e-04 1.000000e+00 2.313694e-03
9.999998e-01 -7.191604e-04 -4.308459e-05 8.965738e-04 7.191620e-04 9.999998e-01 3.845508e-05 -1.152432e-02 4.305692e-05 -3.848605e-05 1.000000e+00 -1.219238e-03
9.999999e-01 -3.697556e-04 2.690886e-05 2.821001e-03 3.697550e-04 9.999999e-01 2.116437e-05 -9.706377e-03 -2.691669e-05 -2.115442e-05 1.000000e+00 1.008054e-03
9.999999e-01 -4.458264e-04 1.030296e-05 -2.876565e-03 4.458263e-04 9.999999e-01 1.065589e-05 -1.131889e-02 -1.030771e-05 -1.065130e-05 1.000000e+00 4.450269e-04
1.000000e+00 -1.933027e-04 -6.320319e-06 5.428652e-03 1.933026e-04 1.000000e+00 -8.877881e-06 -7.274347e-03 6.322035e-06 8.876660e-06 1.000000e+00 4.269171e-04
1.000000e+00 -9.686387e-05 2.442469e-05 -6.375095e-04 9.686405e-05 1.000000e+00 -7.040271e-06 -5.853353e-03 -2.442400e-05 7.042636e-06 1.000000e+00 1.198659e-03
1.000000e+00 -1.570934e-04 1.022281e-04 -4.207382e-03 1.570917e-04 1.000000e+00 1.715083e-05 -7.523016e-03 -1.022308e-04 -1.713477e-05 1.000000e+00 5.633177e-03
1.000000e+00 2.908108e-05 -5.327772e-07 -5.423745e-03 -2.908108e-05 1.000000e+00 1.425030e-05 -4.895520e-03 5.331897e-07 -1.425029e-05 1.000000e+00 2.946306e-05
1.000000e+00 1.629760e-04 1.386564e-04 -4.768048e-03 -1.629767e-04 1.000000e+00 5.389038e-06 -8.770937e-03 -1.386555e-04 -5.411637e-06 1.000000e+00 3.015704e-03
1.000000e+00 -2.758308e-04 -1.122174e-05 -1.678950e-03 2.758317e-04 1.000000e+00 8.196383e-05 -5.840024e-03 1.119913e-05 -8.196693e-05 1.000000e+00 -8.186767e-04
1.000000e+00 -1.510591e-04 1.175964e-04 -2.201035e-03 1.510569e-04 1.000000e+00 1.851030e-05 -8.437334e-03 -1.175992e-04 -1.849254e-05 1.000000e+00 2.823608e-03
1.000000e+00 -2.560794e-04 5.560451e-05 -5.533341e-03 2.560778e-04 1.000000e+00 2.753969e-05 -3.316155e-03 -5.561156e-05 -2.752545e-05 1.000000e+00 1.063166e-03
1.000000e+00 -1.636173e-04 5.433326e-05 -9.911071e-04 1.636165e-04 1.000000e+00 1.350091e-05 -9.028760e-03 -5.433547e-05 -1.349202e-05 1.000000e+00 1.334574e-03
1.000000e+00 -2.353072e-04 4.752557e-05 -2.581936e-03 2.353060e-04 1.000000e+00 2.582920e-05 -3.895395e-03 -4.753165e-05 -2.581801e-05 1.000000e+00 1.211292e-03
1.000000e+00 -1.475121e-04 2.046408e-04 -2.194749e-03 1.475263e-04 1.000000e+00 -6.918364e-05 -6.375346e-03 -2.046306e-04 6.921382e-05 1.000000e+00 6.244942e-03
1.000000e+00 -7.756543e-05 7.262454e-05 -4.012300e-03 7.756367e-05 1.000000e+00 2.435628e-05 -6.660912e-03 -7.262643e-05 -2.435065e-05 1.000000e+00 1.385065e-03
1.000000e+00 -8.266389e-05 1.805080e-04 -6.366129e-03 8.266863e-05 1.000000e+00 -2.626260e-05 -6.287033e-03 -1.805059e-04 2.627752e-05 1.000000e+00 4.129426e-03
1.000000e+00 -1.393034e-04 -1.839548e-06 -4.505913e-03 1.393035e-04 1.000000e+00 4.777318e-05 -9.893745e-03 1.832891e-06 -4.777343e-05 1.000000e+00 -9.784972e-04
1.000000e+00 2.997888e-04 1.478214e-04 -1.143869e-02 -2.997980e-04 1.000000e+00 6.235834e-05 -6.450104e-03 -1.478027e-04 -6.240265e-05 1.000000e+00 1.675099e-03
9.999995e-01 8.812034e-04 3.828520e-04 -1.819309e-02 -8.812762e-04 9.999996e-01 1.900782e-04 -3.157957e-03 -3.826844e-04 -1.904155e-04 9.999999e-01 3.890070e-03
9.999965e-01 2.655763e-03 2.434773e-04 -1.611066e-02 -2.655722e-03 9.999965e-01 -1.667751e-04 4.220112e-03 -2.439194e-04 1.661279e-04 9.999999e-01 7.611986e-03
9.999903e-01 4.396622e-03 1.776072e-04 -4.154897e-03 -4.396610e-03 9.999904e-01 -6.328909e-05 9.148677e-04 -1.778837e-04 6.250761e-05 1.000000e+00 5.302515e-03
9.999776e-01 6.688923e-03 1.285928e-04 1.994518e-02 -6.688917e-03 9.999777e-01 -4.723515e-05 -2.963619e-03 -1.289058e-04 4.637394e-05 1.000000e+00 4.862128e-03
9.999661e-01 8.236144e-03 -1.577109e-04 3.408830e-02 -8.236158e-03 9.999661e-01 -8.942118e-05 -3.668680e-03 1.569691e-04 9.071708e-05 1.000000e+00 3.564791e-03
9.999484e-01 1.015845e-02 -3.101629e-04 5.809381e-02 -1.015848e-02 9.999484e-01 -1.144812e-04 -6.521380e-04 3.089839e-04 1.176261e-04 1.000000e+00 5.249073e-04
9.999345e-01 1.143809e-02 -4.872129e-04 8.778095e-02 -1.143812e-02 9.999346e-01 -6.721138e-05 -5.348278e-03 4.864122e-04 7.277977e-05 9.999999e-01 -1.365089e-03
9.999189e-01 1.272656e-02 -5.935866e-04 1.145281e-01 -1.272663e-02 9.999190e-01 -1.178456e-04 -2.746642e-04 5.920388e-04 1.253904e-04 9.999998e-01 5.824643e-05
9.999016e-01 1.402311e-02 -4.608634e-04 1.233416e-01 -1.402316e-02 9.999017e-01 -9.331834e-05 -2.698273e-03 4.595094e-04 9.977191e-05 9.999999e-01 2.151731e-03
9.998810e-01 1.542435e-02 -4.575186e-04 1.392689e-01 -1.542444e-02 9.998810e-01 -1.903878e-04 4.875297e-03 4.545276e-04 1.974221e-04 9.999999e-01 4.564282e-03
9.998649e-01 1.643130e-02 -5.273944e-04 1.721431e-01 -1.643138e-02 9.998650e-01 -1.443765e-04 2.789690e-03 5.249510e-04 1.530228e-04 9.999998e-01 4.741829e-03
9.998524e-01 1.716539e-02 -7.488893e-04 2.297930e-01 -1.716551e-02 9.998527e-01 -1.464476e-04 7.556478e-03 7.462651e-04 1.592811e-04 9.999997e-01 4.087749e-03
9.998554e-01 1.698537e-02 -8.567533e-04 2.707715e-01 -1.698545e-02 9.998557e-01 -8.528738e-05 1.170488e-02 8.551811e-04 9.982739e-05 9.999996e-01 2.627693e-03
9.998580e-01 1.682128e-02 -1.050559e-03 3.120638e-01 -1.682134e-02 9.998585e-01 -4.636812e-05 -6.682594e-04 1.049631e-03 6.403336e-05 9.999994e-01 3.074592e-03
9.998599e-01 1.668621e-02 -1.306740e-03 3.756072e-01 -1.668622e-02 9.998607e-01 7.368297e-06 -6.436349e-03 1.306681e-03 1.443728e-05 9.999992e-01 1.066127e-03
9.998617e-01 1.657864e-02 -1.329403e-03 4.482721e-01 -1.657861e-02 9.998625e-01 3.453337e-05 1.156996e-02 1.329793e-03 -1.248893e-05 9.999991e-01 1.193798e-03
9.998698e-01 1.606875e-02 -1.494962e-03 5.383477e-01 -1.606856e-02 9.998709e-01 1.347977e-04 1.285139e-02 1.496935e-03 -1.107583e-04 9.999989e-01 9.430039e-04
9.998968e-01 1.428797e-02 -1.498913e-03 6.514899e-01 -1.428794e-02 9.998979e-01 3.234148e-05 -5.263554e-03 1.499222e-03 -1.092176e-05 9.999989e-01 8.122537e-03
9.999127e-01 1.313103e-02 -1.490287e-03 7.466066e-01 -1.313099e-02 9.999138e-01 3.647386e-05 6.699657e-03 1.490638e-03 -1.690173e-05 9.999989e-01 1.287972e-02
9.999000e-01 1.402248e-02 -1.854280e-03 8.006737e-01 -1.402252e-02 9.999016e-01 -9.624273e-06 -9.604987e-03 1.853963e-03 3.562499e-05 9.999983e-01 9.529531e-03
9.998663e-01 1.617416e-02 -2.415244e-03 8.508780e-01 -1.617418e-02 9.998691e-01 1.421679e-05 -8.000047e-03 2.415158e-03 2.484969e-05 9.999971e-01 3.235634e-03
9.998354e-01 1.786539e-02 -3.170257e-03 9.129287e-01 -1.786557e-02 9.998404e-01 -2.683747e-05 -6.928049e-03 3.169272e-03 8.347149e-05 9.999950e-01 -1.990779e-03
9.998317e-01 1.803922e-02 -3.361296e-03 1.046489e+00 -1.803976e-02 9.998373e-01 -1.279823e-04 -9.998051e-03 3.358440e-03 1.885977e-04 9.999944e-01 3.581503e-03
9.998128e-01 1.898026e-02 -3.774986e-03 1.193125e+00 -1.898075e-02 9.998198e-01 -9.370912e-05 -2.899171e-02 3.772527e-03 1.653436e-04 9.999928e-01 6.297625e-03
9.998133e-01 1.894954e-02 -3.774523e-03 1.328060e+00 -1.894970e-02 9.998204e-01 -6.836531e-06 -4.487806e-02 3.773715e-03 7.836135e-05 9.999929e-01 1.296325e-02
9.998251e-01 1.829875e-02 -3.866485e-03 1.461909e+00 -1.829910e-02 9.998325e-01 -5.607872e-05 -4.082096e-02 3.864811e-03 1.268221e-04 9.999925e-01 1.458297e-02
9.998454e-01 1.690891e-02 -4.836583e-03 1.615369e+00 -1.690921e-02 9.998570e-01 -2.047030e-05 -5.799503e-02 4.835546e-03 1.022499e-04 9.999883e-01 1.249364e-02
9.998755e-01 1.496144e-02 -5.027839e-03 1.777671e+00 -1.496159e-02 9.998880e-01 9.290112e-06 -7.751638e-02 5.027415e-03 6.593548e-05 9.999874e-01 1.771983e-02
9.998743e-01 1.493304e-02 -5.344867e-03 1.942110e+00 -1.493335e-02 9.998885e-01 -1.697814e-05 -7.063776e-02 5.344017e-03 9.679275e-05 9.999857e-01 2.461314e-02
9.998269e-01 1.772947e-02 -5.649757e-03 2.035567e+00 -1.772981e-02 9.998428e-01 -1.002901e-05 -8.185661e-02 5.648691e-03 1.101964e-04 9.999841e-01 2.255669e-02
9.997684e-01 2.071743e-02 -5.838834e-03 2.142718e+00 -2.071798e-02 9.997853e-01 -3.291841e-05 -8.585223e-02 5.836899e-03 1.538796e-04 9.999830e-01 2.821724e-02
9.997489e-01 2.147955e-02 -6.391765e-03 2.261470e+00 -2.148053e-02 9.997692e-01 -8.386872e-05 -9.145282e-02 6.388489e-03 2.211462e-04 9.999796e-01 2.845472e-02
9.997844e-01 1.959495e-02 -6.878402e-03 2.426632e+00 -1.959564e-02 9.998080e-01 -3.232018e-05 -9.579646e-02 6.876448e-03 1.670999e-04 9.999764e-01 2.853144e-02
9.998359e-01 1.663839e-02 -7.167264e-03 2.597066e+00 -1.663880e-02 9.998615e-01 1.437701e-06 -1.118492e-01 7.166296e-03 1.178172e-04 9.999744e-01 3.200757e-02
9.998685e-01 1.420927e-02 -7.819704e-03 2.772936e+00 -1.420950e-02 9.998990e-01 2.574563e-05 -1.398287e-01 7.819280e-03 8.537184e-05 9.999695e-01 3.315285e-02
9.998855e-01 1.255291e-02 -8.456811e-03 2.930750e+00 -1.255305e-02 9.999211e-01 3.625117e-05 -1.455353e-01 8.456600e-03 6.991176e-05 9.999642e-01 3.523462e-02
9.998963e-01 1.125667e-02 -8.987819e-03 3.064865e+00 -1.125735e-02 9.999366e-01 -2.497448e-05 -1.565931e-01 8.986968e-03 1.261509e-04 9.999596e-01 3.835641e-02
9.999000e-01 1.083423e-02 -9.099461e-03 3.212470e+00 -1.083432e-02 9.999413e-01 3.868856e-05 -1.571951e-01 9.099346e-03 5.990182e-05 9.999586e-01 3.709378e-02
9.999177e-01 8.656830e-03 -9.472142e-03 3.355888e+00 -8.657968e-03 9.999625e-01 -7.890442e-05 -1.558350e-01 9.471104e-03 1.609074e-04 9.999552e-01 4.441799e-02
9.999131e-01 8.646514e-03 -9.962046e-03 3.517379e+00 -8.646422e-03 9.999626e-01 5.256622e-05 -2.042626e-01 9.962128e-03 3.357439e-05 9.999504e-01 4.376889e-02
9.998897e-01 1.017410e-02 -1.082104e-02 3.674096e+00 -1.017294e-02 9.999482e-01 1.629484e-04 -2.276140e-01 1.082214e-02 -5.284868e-05 9.999415e-01 3.752420e-02
9.998593e-01 1.254560e-02 -1.113844e-02 3.779030e+00 -1.254634e-02 9.999212e-01 3.288476e-06 -1.993831e-01 1.113760e-02 1.364586e-04 9.999380e-01 4.481179e-02
9.998484e-01 1.316789e-02 -1.140023e-02 3.901261e+00 -1.316929e-02 9.999132e-01 -4.807759e-05 -2.274048e-01 1.139861e-02 1.982033e-04 9.999351e-01 5.050651e-02
9.998617e-01 1.192464e-02 -1.159478e-02 4.051125e+00 -1.192556e-02 9.999288e-01 -1.020413e-05 -2.376586e-01 1.159383e-02 1.484769e-04 9.999328e-01 5.565229e-02
9.998824e-01 9.277398e-03 -1.221867e-02 4.213004e+00 -9.278635e-03 9.999569e-01 -4.445936e-05 -2.348582e-01 1.221774e-02 1.578268e-04 9.999254e-01 5.362683e-02
9.999032e-01 5.376544e-03 -1.283712e-02 4.363635e+00 -5.376643e-03 9.999855e-01 2.700839e-05 -2.598177e-01 1.283708e-02 4.201482e-05 9.999176e-01 5.943326e-02
9.999100e-01 1.900493e-03 -1.328823e-02 4.515026e+00 -1.902139e-03 9.999981e-01 -1.109413e-04 -2.700743e-01 1.328799e-02 1.362073e-04 9.999118e-01 6.081798e-02
9.998895e-01 -8.754466e-04 -1.484147e-02 4.654128e+00 8.740500e-04 9.999996e-01 -1.004207e-04 -2.813025e-01 1.484156e-02 8.743745e-05 9.998899e-01 5.091357e-02
9.998804e-01 -2.260290e-03 -1.530359e-02 4.792345e+00 2.258238e-03 9.999974e-01 -1.511870e-04 -2.729951e-01 1.530389e-02 1.166097e-04 9.998829e-01 5.382942e-02
9.998740e-01 -3.579076e-03 -1.546421e-02 4.921581e+00 3.576054e-03 9.999936e-01 -2.228905e-04 -2.869747e-01 1.546490e-02 1.675616e-04 9.998804e-01 6.297945e-02
9.998702e-01 2.888230e-04 -1.610947e-02 5.167158e+00 -2.913329e-04 9.999999e-01 -1.533096e-04 -3.220806e-01 1.610943e-02 1.579829e-04 9.998702e-01 6.519944e-02
9.994667e-01 2.801321e-02 -1.678592e-02 5.427719e+00 -2.802254e-02 9.996072e-01 -3.203879e-04 -2.737680e-01 1.677035e-02 7.906010e-04 9.998591e-01 6.657592e-02
9.977543e-01 6.472738e-02 -1.722903e-02 5.681521e+00 -6.473402e-02 9.979025e-01 1.720480e-04 -3.748303e-01 1.720403e-02 9.436426e-04 9.998516e-01 6.666318e-02
9.936492e-01 1.112733e-01 -1.672409e-02 5.939924e+00 -1.112559e-01 9.937898e-01 1.969225e-03 -6.609827e-01 1.683935e-02 -9.606537e-05 9.998582e-01 4.403481e-02
9.786741e-01 2.046716e-01 -1.750922e-02 5.897975e+00 -2.046979e-01 9.788252e-01 2.969807e-04 -2.988573e-01 1.719925e-02 3.293452e-03 9.998467e-01 6.146550e-02
9.598717e-01 2.798708e-01 -1.785552e-02 6.002022e+00 -2.799086e-01 9.600266e-01 3.974662e-04 -3.381940e-01 1.725301e-02 4.616395e-03 9.998405e-01 6.124880e-02
9.344992e-01 3.555019e-01 -1.816001e-02 6.197168e+00 -3.555523e-01 9.346563e-01 4.814858e-04 -3.905332e-01 1.714454e-02 6.006886e-03 9.998350e-01 6.639263e-02
9.026810e-01 4.299097e-01 -1.856881e-02 6.356654e+00 -4.299739e-01 9.028411e-01 5.873704e-04 -4.422272e-01 1.701720e-02 7.453896e-03 9.998274e-01 7.144297e-02
8.641334e-01 5.029098e-01 -1.884966e-02 6.479356e+00 -5.029865e-01 8.642939e-01 7.638631e-04 -5.297975e-01 1.667580e-02 8.821043e-03 9.998221e-01 7.362586e-02
8.157378e-01 5.781019e-01 -1.923713e-02 6.667961e+00 -5.781927e-01 8.158996e-01 1.013665e-03 -6.204820e-01 1.628157e-02 1.029588e-02 9.998145e-01 7.484265e-02
7.541560e-01 6.564100e-01 -1.935528e-02 6.793439e+00 -6.565150e-01 7.543120e-01 1.201085e-03 -6.974818e-01 1.538833e-02 1.180123e-02 9.998120e-01 8.057248e-02
6.829984e-01 7.301523e-01 -1.976896e-02 6.866472e+00 -7.302731e-01 6.831536e-01 1.558297e-03 -8.272746e-01 1.464303e-02 1.337242e-02 9.998034e-01 7.685548e-02
6.054535e-01 7.956277e-01 -2.006508e-02 6.953846e+00 -7.957643e-01 6.056037e-01 1.832725e-03 -9.231053e-01 1.360965e-02 1.485745e-02 9.997971e-01 7.718504e-02
5.250494e-01 8.508317e-01 -2.021194e-02 6.995621e+00 -8.509815e-01 5.251915e-01 2.089253e-03 -1.026767e+00 1.239274e-02 1.610303e-02 9.997936e-01 7.921061e-02
4.405150e-01 8.975149e-01 -2.033495e-02 7.025422e+00 -8.976761e-01 4.406491e-01 2.424618e-03 -1.164356e+00 1.113671e-02 1.718612e-02 9.997903e-01 7.619185e-02
3.476065e-01 9.374196e-01 -2.035100e-02 7.108136e+00 -9.375897e-01 3.477318e-01 2.866827e-03 -1.318382e+00 9.764110e-03 1.808436e-02 9.997888e-01 7.796733e-02
2.591450e-01 9.656270e-01 -2.020928e-02 7.038292e+00 -9.658022e-01 2.592596e-01 3.233471e-03 -1.415750e+00 8.361776e-03 1.868022e-02 9.997906e-01 7.335307e-02
1.887865e-01 9.818095e-01 -2.024193e-02 7.103090e+00 -9.819912e-01 1.888940e-01 3.524693e-03 -1.477282e+00 7.284156e-03 1.921198e-02 9.997889e-01 7.028651e-02
1.350968e-01 9.906140e-01 -2.080377e-02 7.056742e+00 -9.908098e-01 1.352058e-01 3.921511e-03 -1.705596e+00 6.697495e-03 2.008280e-02 9.997759e-01 8.469829e-02
1.243145e-01 9.920198e-01 -2.103967e-02 6.993585e+00 -9.922191e-01 1.244305e-01 4.291358e-03 -1.784485e+00 6.875089e-03 2.034249e-02 9.997695e-01 6.962752e-02
1.190861e-01 9.926629e-01 -2.094894e-02 6.925581e+00 -9.928599e-01 1.192035e-01 4.444516e-03 -1.831012e+00 6.909093e-03 2.027008e-02 9.997708e-01 6.514173e-02
1.275311e-01 9.916145e-01 -2.089297e-02 6.943520e+00 -9.918051e-01 1.276614e-01 5.026921e-03 -2.000341e+00 7.651994e-03 2.008066e-02 9.997692e-01 6.299395e-02
1.373458e-01 9.903028e-01 -2.089349e-02 7.023448e+00 -9.904872e-01 1.374899e-01 5.623786e-03 -2.162752e+00 8.441896e-03 1.992233e-02 9.997660e-01 6.506186e-02
1.479570e-01 9.887762e-01 -2.074721e-02 7.057425e+00 -9.889520e-01 1.481111e-01 6.090205e-03 -2.357373e+00 9.094743e-03 1.961691e-02 9.997663e-01 7.426703e-02
1.557793e-01 9.875660e-01 -2.112297e-02 7.128469e+00 -9.877427e-01 1.559493e-01 6.647285e-03 -2.555676e+00 9.858747e-03 1.982855e-02 9.997549e-01 6.983850e-02
1.587382e-01 9.870990e-01 -2.092261e-02 7.196767e+00 -9.872697e-01 1.589096e-01 6.795896e-03 -2.677046e+00 1.003303e-02 1.957749e-02 9.997581e-01 8.806634e-02
1.608800e-01 9.867521e-01 -2.092677e-02 7.113929e+00 -9.869166e-01 1.610630e-01 7.367844e-03 -2.824080e+00 1.064077e-02 1.946764e-02 9.997539e-01 7.988884e-02
1.624916e-01 9.864965e-01 -2.052100e-02 7.106059e+00 -9.866445e-01 1.626851e-01 8.134578e-03 -2.941190e+00 1.136320e-02 1.892513e-02 9.997564e-01 7.043679e-02
1.654922e-01 9.860000e-01 -2.040731e-02 7.157603e+00 -9.861429e-01 1.656887e-01 8.336291e-03 -3.063969e+00 1.160084e-02 1.874493e-02 9.997570e-01 8.771137e-02
1.679207e-01 9.855884e-01 -2.045366e-02 7.120174e+00 -9.857251e-01 1.681283e-01 8.882025e-03 -3.223477e+00 1.219286e-02 1.867021e-02 9.997514e-01 7.924062e-02
1.673424e-01 9.856837e-01 -2.059663e-02 7.140932e+00 -9.858200e-01 1.675567e-01 9.150314e-03 -3.343034e+00 1.247042e-02 1.877334e-02 9.997460e-01 8.167507e-02
1.675851e-01 9.856444e-01 -2.050557e-02 7.137748e+00 -9.857744e-01 1.678050e-01 9.508705e-03 -3.473408e+00 1.281314e-02 1.862035e-02 9.997445e-01 8.566190e-02
1.689722e-01 9.853982e-01 -2.095092e-02 7.144762e+00 -9.855297e-01 1.692074e-01 1.000275e-02 -3.614101e+00 1.340174e-02 1.895757e-02 9.997305e-01 7.481823e-02
1.720730e-01 9.848630e-01 -2.087785e-02 7.181406e+00 -9.849862e-01 1.723162e-01 1.045811e-02 -3.750727e+00 1.389740e-02 1.876484e-02 9.997274e-01 7.815989e-02
1.760806e-01 9.841524e-01 -2.096827e-02 7.217769e+00 -9.842712e-01 1.763325e-01 1.082536e-02 -3.908414e+00 1.435120e-02 1.873233e-02 9.997216e-01 8.435245e-02
1.795705e-01 9.835199e-01 -2.105144e-02 7.249071e+00 -9.836341e-01 1.798306e-01 1.118206e-02 -4.085144e+00 1.478348e-02 1.869894e-02 9.997159e-01 9.197877e-02
1.812919e-01 9.832025e-01 -2.112346e-02 7.286279e+00 -9.833118e-01 1.815605e-01 1.156562e-02 -4.223421e+00 1.520653e-02 1.867419e-02 9.997100e-01 9.714383e-02
1.831700e-01 9.828501e-01 -2.132160e-02 7.272474e+00 -9.829542e-01 1.834519e-01 1.210306e-02 -4.382203e+00 1.580698e-02 1.874124e-02 9.996995e-01 9.285479e-02
1.838504e-01 9.827287e-01 -2.105814e-02 7.302534e+00 -9.828202e-01 1.841369e-01 1.257385e-02 -4.516651e+00 1.623426e-02 1.838466e-02 9.996992e-01 1.011377e-01
1.855850e-01 9.823991e-01 -2.122337e-02 7.330464e+00 -9.824879e-01 1.858802e-01 1.288835e-02 -4.641527e+00 1.660650e-02 1.845982e-02 9.996918e-01 1.049538e-01
1.865033e-01 9.822192e-01 -2.149633e-02 7.347383e+00 -9.823059e-01 1.868108e-01 1.330013e-02 -4.759918e+00 1.707939e-02 1.863546e-02 9.996805e-01 9.956585e-02
1.878937e-01 9.819594e-01 -2.125554e-02 7.355235e+00 -9.820341e-01 1.882047e-01 1.371199e-02 -4.873705e+00 1.746501e-02 1.829727e-02 9.996801e-01 1.031408e-01
1.915169e-01 9.812576e-01 -2.132870e-02 7.337788e+00 -9.813268e-01 1.918355e-01 1.403488e-02 -5.020880e+00 1.786343e-02 1.824250e-02 9.996741e-01 1.084631e-01
1.944913e-01 9.806682e-01 -2.152186e-02 7.386633e+00 -9.807273e-01 1.948261e-01 1.472252e-02 -5.175414e+00 1.863092e-02 1.824368e-02 9.996600e-01 1.010605e-01
1.962279e-01 9.803283e-01 -2.123897e-02 7.447817e+00 -9.803727e-01 1.965661e-01 1.520206e-02 -5.336245e+00 1.907787e-02 1.783904e-02 9.996589e-01 1.148708e-01
1.979996e-01 9.799640e-01 -2.160617e-02 7.463994e+00 -9.800067e-01 1.983521e-01 1.560028e-02 -5.471399e+00 1.957334e-02 1.808534e-02 9.996449e-01 1.123612e-01
1.980920e-01 9.799475e-01 -2.150600e-02 7.475159e+00 -9.799752e-01 1.984545e-01 1.626257e-02 -5.606925e+00 2.020443e-02 1.785386e-02 9.996365e-01 1.065727e-01
1.991439e-01 9.797361e-01 -2.142426e-02 7.487951e+00 -9.797527e-01 1.995127e-01 1.671368e-02 -5.716741e+00 2.064940e-02 1.766205e-02 9.996308e-01 1.103867e-01
2.017785e-01 9.791861e-01 -2.191015e-02 7.500958e+00 -9.792032e-01 2.021636e-01 1.705629e-02 -5.880143e+00 2.113072e-02 1.801289e-02 9.996145e-01 1.124991e-01
2.032933e-01 9.788790e-01 -2.162975e-02 7.527832e+00 -9.788751e-01 2.036852e-01 1.777277e-02 -6.039895e+00 2.180305e-02 1.755974e-02 9.996081e-01 1.191099e-01
2.032321e-01 9.788910e-01 -2.166125e-02 7.570447e+00 -9.788801e-01 2.036308e-01 1.811995e-02 -6.193389e+00 2.214835e-02 1.752120e-02 9.996012e-01 1.327873e-01
2.037449e-01 9.787845e-01 -2.165680e-02 7.568877e+00 -9.787639e-01 2.041508e-01 1.854148e-02 -6.335822e+00 2.256936e-02 1.741916e-02 9.995936e-01 1.335164e-01
2.050619e-01 9.785138e-01 -2.145894e-02 7.574313e+00 -9.784793e-01 2.054708e-01 1.897531e-02 -6.481931e+00 2.297678e-02 1.710601e-02 9.995898e-01 1.405109e-01
2.054052e-01 9.784339e-01 -2.181365e-02 7.611379e+00 -9.783958e-01 2.058294e-01 1.938924e-02 -6.622385e+00 2.346098e-02 1.735974e-02 9.995741e-01 1.387173e-01
1.942123e-01 9.807246e-01 -2.147086e-02 7.729886e+00 -9.806646e-01 1.946440e-01 2.026492e-02 -6.871191e+00 2.405348e-02 1.712002e-02 9.995642e-01 1.528651e-01
1.667596e-01 9.857605e-01 -2.162496e-02 7.718113e+00 -9.857076e-01 1.672023e-01 2.058960e-02 -6.960757e+00 2.391216e-02 1.788237e-02 9.995542e-01 1.507348e-01
1.438220e-01 9.893579e-01 -2.205081e-02 7.677831e+00 -9.893146e-01 1.442827e-01 2.095470e-02 -7.018810e+00 2.391325e-02 1.880144e-02 9.995373e-01 1.354908e-01
1.276500e-01 9.915931e-01 -2.118214e-02 7.614005e+00 -9.915336e-01 1.280967e-01 2.127148e-02 -7.040060e+00 2.380601e-02 1.828750e-02 9.995494e-01 1.367219e-01
1.353308e-01 9.905615e-01 -2.176323e-02 7.707468e+00 -9.904992e-01 1.357986e-01 2.168051e-02 -7.303315e+00 2.443129e-02 1.862242e-02 9.995282e-01 1.538347e-01
1.376105e-01 9.902464e-01 -2.180705e-02 7.733554e+00 -9.901747e-01 1.380862e-01 2.205402e-02 -7.532690e+00 2.485017e-02 1.855792e-02 9.995190e-01 1.581077e-01
1.372358e-01 9.903020e-01 -2.164403e-02 7.759019e+00 -9.902257e-01 1.377087e-01 2.212391e-02 -7.703178e+00 2.488992e-02 1.839628e-02 9.995210e-01 1.769996e-01
1.314776e-01 9.910874e-01 -2.143543e-02 7.768823e+00 -9.910015e-01 1.319521e-01 2.246716e-02 -7.924899e+00 2.509537e-02 1.828861e-02 9.995178e-01 1.914868e-01
1.183799e-01 9.927399e-01 -2.130377e-02 7.765661e+00 -9.926438e-01 1.188625e-01 2.302419e-02 -8.083059e+00 2.538925e-02 1.842146e-02 9.995080e-01 1.931340e-01
1.083770e-01 9.938822e-01 -2.127919e-02 7.731002e+00 -9.937814e-01 1.088665e-01 2.338070e-02 -8.161034e+00 2.555426e-02 1.861293e-02 9.995002e-01 1.887481e-01
1.065119e-01 9.940768e-01 -2.160267e-02 7.774649e+00 -9.939688e-01 1.070203e-01 2.393156e-02 -8.300498e+00 2.610174e-02 1.892338e-02 9.994803e-01 1.850954e-01
1.065327e-01 9.940749e-01 -2.158736e-02 7.792132e+00 -9.939537e-01 1.070500e-01 2.442118e-02 -8.425090e+00 2.658741e-02 1.885518e-02 9.994688e-01 1.866086e-01
1.084747e-01 9.938619e-01 -2.172466e-02 7.777938e+00 -9.937307e-01 1.090035e-01 2.484953e-02 -8.584080e+00 2.706507e-02 1.889292e-02 9.994552e-01 1.897937e-01
1.113514e-01 9.935445e-01 -2.168821e-02 7.785227e+00 -9.934013e-01 1.118856e-01 2.521006e-02 -8.744775e+00 2.747392e-02 1.873792e-02 9.994470e-01 1.985835e-01
1.146238e-01 9.931731e-01 -2.164858e-02 7.810132e+00 -9.930088e-01 1.151690e-01 2.588075e-02 -8.898969e+00 2.819731e-02 1.853068e-02 9.994307e-01 1.983410e-01
1.178046e-01 9.927968e-01 -2.183125e-02 7.828681e+00 -9.926170e-01 1.183655e-01 2.647903e-02 -9.047470e+00 2.887236e-02 1.855071e-02 9.994111e-01 1.943388e-01
1.201836e-01 9.925115e-01 -2.183834e-02 7.842462e+00 -9.923139e-01 1.207547e-01 2.704579e-02 -9.187682e+00 2.948033e-02 1.842003e-02 9.993957e-01 1.937140e-01
1.226172e-01 9.922102e-01 -2.200109e-02 7.856705e+00 -9.920023e-01 1.232000e-01 2.744369e-02 -9.342028e+00 2.994044e-02 1.846007e-02 9.993813e-01 1.970031e-01
1.230236e-01 9.921598e-01 -2.200856e-02 7.875053e+00 -9.919403e-01 1.236136e-01 2.782396e-02 -9.452903e+00 3.032636e-02 1.840817e-02 9.993706e-01 2.008528e-01
1.234606e-01 9.921061e-01 -2.198070e-02 7.877080e+00 -9.918714e-01 1.240583e-01 2.829850e-02 -9.577528e+00 3.080200e-02 1.830827e-02 9.993579e-01 2.034341e-01
1.254839e-01 9.918521e-01 -2.198563e-02 7.865787e+00 -9.915993e-01 1.260912e-01 2.884256e-02 -9.725716e+00 3.137974e-02 1.818166e-02 9.993422e-01 2.041316e-01
1.284087e-01 9.914764e-01 -2.204137e-02 7.884497e+00 -9.912048e-01 1.290274e-01 2.941122e-02 -9.872303e+00 3.200448e-02 1.807086e-02 9.993244e-01 2.057812e-01
1.321850e-01 9.909824e-01 -2.193529e-02 7.896554e+00 -9.906910e-01 1.328078e-01 2.989131e-02 -1.003474e+01 3.253494e-02 1.777991e-02 9.993125e-01 2.149300e-01
1.345678e-01 9.906603e-01 -2.199689e-02 7.924850e+00 -9.903428e-01 1.352056e-01 3.066875e-02 -1.020581e+01 3.335641e-02 1.765744e-02 9.992876e-01 2.148638e-01
1.360083e-01 9.904678e-01 -2.180522e-02 7.943436e+00 -9.901271e-01 1.366491e-01 3.123327e-02 -1.035821e+01 3.391521e-02 1.734195e-02 9.992743e-01 2.231476e-01
1.367469e-01 9.903609e-01 -2.204068e-02 7.937944e+00 -9.900105e-01 1.374022e-01 3.161903e-02 -1.050225e+01 3.434269e-02 1.749670e-02 9.992570e-01 2.255338e-01
1.371243e-01 9.903057e-01 -2.217583e-02 7.952794e+00 -9.899463e-01 1.377897e-01 3.194204e-02 -1.063666e+01 3.468799e-02 1.757285e-02 9.992438e-01 2.281223e-01
1.361567e-01 9.904417e-01 -2.206016e-02 7.981086e+00 -9.900655e-01 1.368263e-01 3.238841e-02 -1.082443e+01 3.509725e-02 1.743110e-02 9.992320e-01 2.441141e-01
1.307814e-01 9.911691e-01 -2.191553e-02 7.960566e+00 -9.907771e-01 1.314563e-01 3.286526e-02 -1.095940e+01 3.545596e-02 1.741524e-02 9.992196e-01 2.486575e-01
1.251863e-01 9.918888e-01 -2.202504e-02 7.955769e+00 -9.914861e-01 1.258755e-01 3.332784e-02 -1.106900e+01 3.582992e-02 1.766533e-02 9.992019e-01 2.473050e-01
1.207569e-01 9.924362e-01 -2.209630e-02 7.965605e+00 -9.920211e-01 1.214588e-01 3.379244e-02 -1.118340e+01 3.622064e-02 1.783933e-02 9.991846e-01 2.491073e-01
1.200959e-01 9.925133e-01 -2.223662e-02 7.971018e+00 -9.920809e-01 1.208131e-01 3.434705e-02 -1.131170e+01 3.677638e-02 1.793558e-02 9.991627e-01 2.474650e-01
1.242117e-01 9.920079e-01 -2.217950e-02 7.988189e+00 -9.915498e-01 1.249353e-01 3.493229e-02 -1.147347e+01 3.742411e-02 1.765308e-02 9.991436e-01 2.553287e-01
1.286255e-01 9.914483e-01 -2.204078e-02 8.016865e+00 -9.909690e-01 1.293491e-01 3.534786e-02 -1.164041e+01 3.789654e-02 1.729509e-02 9.991320e-01 2.688696e-01
1.313284e-01 9.910943e-01 -2.202612e-02 8.039843e+00 -9.905938e-01 1.320586e-01 3.584196e-02 -1.182111e+01 3.843150e-02 1.711187e-02 9.991148e-01 2.787448e-01
1.279232e-01 9.915415e-01 -2.193804e-02 8.094605e+00 -9.910126e-01 1.286647e-01 3.660016e-02 -1.202733e+01 3.911323e-02 1.705886e-02 9.990893e-01 2.889664e-01
1.185250e-01 9.927047e-01 -2.212079e-02 8.080632e+00 -9.921704e-01 1.192856e-01 3.699817e-02 -1.211183e+01 3.936695e-02 1.756239e-02 9.990705e-01 2.864691e-01
1.138429e-01 9.932492e-01 -2.226952e-02 8.067296e+00 -9.927079e-01 1.146178e-01 3.733321e-02 -1.222259e+01 3.963367e-02 1.785701e-02 9.990548e-01 2.890517e-01
1.158669e-01 9.930193e-01 -2.208077e-02 8.099261e+00 -9.924570e-01 1.166404e-01 3.773979e-02 -1.236401e+01 4.005186e-02 1.754142e-02 9.990437e-01 3.011038e-01
1.172405e-01 9.928588e-01 -2.205143e-02 8.100890e+00 -9.922755e-01 1.180204e-01 3.821738e-02 -1.249757e+01 4.054699e-02 1.740047e-02 9.990262e-01 3.072214e-01
1.174234e-01 9.928340e-01 -2.219093e-02 8.100451e+00 -9.922334e-01 1.182174e-01 3.870079e-02 -1.262832e+01 4.104681e-02 1.747420e-02 9.990045e-01 3.096649e-01
1.170748e-01 9.928753e-01 -2.218554e-02 8.098384e+00 -9.922513e-01 1.178786e-01 3.926835e-02 -1.275961e+01 4.160378e-02 1.741630e-02 9.989824e-01 3.122946e-01
1.186403e-01 9.926886e-01 -2.222393e-02 8.103567e+00 -9.920397e-01 1.194548e-01 3.984967e-02 -1.288681e+01 4.221308e-02 1.731924e-02 9.989585e-01 3.132334e-01
1.216032e-01 9.923303e-01 -2.221106e-02 8.117577e+00 -9.916506e-01 1.224265e-01 4.050991e-02 -1.304002e+01 4.291844e-02 1.709947e-02 9.989323e-01 3.180058e-01
1.253289e-01 9.918655e-01 -2.226332e-02 8.136699e+00 -9.911595e-01 1.261614e-01 4.106491e-02 -1.320972e+01 4.353964e-02 1.691988e-02 9.989085e-01 3.280326e-01
1.279806e-01 9.915284e-01 -2.219239e-02 8.163205e+00 -9.907948e-01 1.288173e-01 4.161672e-02 -1.337131e+01 4.412292e-02 1.666197e-02 9.988872e-01 3.372888e-01
1.290770e-01 9.913899e-01 -2.202802e-02 8.177399e+00 -9.906269e-01 1.299152e-01 4.219692e-02 -1.349419e+01 4.469538e-02 1.637490e-02 9.988665e-01 3.462914e-01
1.310678e-01 9.911242e-01 -2.222848e-02 8.181412e+00 -9.903314e-01 1.319249e-01 4.289232e-02 -1.362364e+01 4.544411e-02 1.639176e-02 9.988325e-01 3.423413e-01
1.328376e-01 9.908901e-01 -2.216096e-02 8.204263e+00 -9.900616e-01 1.337019e-01 4.361019e-02 -1.377327e+01 4.617587e-02 1.614764e-02 9.988028e-01 3.466005e-01
1.342771e-01 9.906979e-01 -2.208028e-02 8.215498e+00 -9.898426e-01 1.351448e-01 4.413251e-02 -1.392847e+01 4.670602e-02 1.593001e-02 9.987817e-01 3.582365e-01
1.342361e-01 9.907059e-01 -2.197021e-02 8.206917e+00 -9.898252e-01 1.351066e-01 4.463719e-02 -1.407660e+01 4.719064e-02 1.575474e-02 9.987617e-01 3.666100e-01
1.327431e-01 9.909043e-01 -2.209231e-02 8.201632e+00 -9.900076e-01 1.336272e-01 4.504258e-02 -1.420733e+01 4.758502e-02 1.589246e-02 9.987408e-01 3.713443e-01
1.317410e-01 9.910327e-01 -2.232809e-02 8.210785e+00 -9.901219e-01 1.326435e-01 4.543632e-02 -1.434420e+01 4.799056e-02 1.612171e-02 9.987177e-01 3.767331e-01
1.327704e-01 9.908915e-01 -2.249972e-02 8.213017e+00 -9.899555e-01 1.336893e-01 4.599356e-02 -1.447722e+01 4.858260e-02 1.616714e-02 9.986884e-01 3.774233e-01
1.339157e-01 9.907384e-01 -2.245551e-02 8.251636e+00 -9.897743e-01 1.348400e-01 4.653125e-02 -1.462426e+01 4.912820e-02 1.599462e-02 9.986645e-01 3.902294e-01
1.346876e-01 9.906347e-01 -2.241034e-02 8.271185e+00 -9.896335e-01 1.356204e-01 4.725151e-02 -1.478521e+01 4.984829e-02 1.581383e-02 9.986317e-01 3.974017e-01
1.348758e-01 9.906067e-01 -2.251850e-02 8.286948e+00 -9.895838e-01 1.358211e-01 4.771425e-02 -1.492692e+01 5.032454e-02 1.584844e-02 9.986073e-01 4.036192e-01
1.359360e-01 9.904621e-01 -2.250385e-02 8.289633e+00 -9.894232e-01 1.368842e-01 4.800604e-02 -1.505380e+01 5.062858e-02 1.574008e-02 9.985936e-01 4.150936e-01
1.393330e-01 9.899874e-01 -2.261454e-02 8.290113e+00 -9.889343e-01 1.402871e-01 4.825469e-02 -1.519109e+01 5.094406e-02 1.564082e-02 9.985791e-01 4.261330e-01
1.428315e-01 9.894906e-01 -2.253117e-02 8.297253e+00 -9.884148e-01 1.437830e-01 4.860904e-02 -1.536060e+01 5.133779e-02 1.532724e-02 9.985638e-01 4.441289e-01
1.444171e-01 9.892528e-01 -2.286291e-02 8.323933e+00 -9.881655e-01 1.453885e-01 4.890062e-02 -1.554236e+01 5.169908e-02 1.553025e-02 9.985420e-01 4.597367e-01
1.431792e-01 9.894308e-01 -2.294639e-02 8.350348e+00 -9.883218e-01 1.441635e-01 4.936571e-02 -1.570703e+01 5.215198e-02 1.561028e-02 9.985172e-01 4.719872e-01
1.407385e-01 9.897825e-01 -2.288065e-02 8.326433e+00 -9.886539e-01 1.417284e-01 4.976697e-02 -1.582453e+01 5.250131e-02 1.561691e-02 9.984989e-01 4.777209e-01
1.407067e-01 9.897847e-01 -2.297899e-02 8.306863e+00 -9.886350e-01 1.417086e-01 5.019675e-02 -1.594895e+01 5.294030e-02 1.565482e-02 9.984751e-01 4.808553e-01
1.424949e-01 9.895274e-01 -2.304125e-02 8.323021e+00 -9.883538e-01 1.435047e-01 5.062942e-02 -1.608838e+01 5.340573e-02 1.555847e-02 9.984518e-01 4.897634e-01
1.450927e-01 9.891470e-01 -2.316261e-02 8.346709e+00 -9.879450e-01 1.461140e-01 5.114157e-02 -1.623539e+01 5.397091e-02 1.546311e-02 9.984229e-01 4.979197e-01
1.450786e-01 9.891495e-01 -2.314153e-02 8.376637e+00 -9.879103e-01 1.461092e-01 5.182222e-02 -1.639563e+01 5.464111e-02 1.534345e-02 9.983883e-01 5.074172e-01
1.444852e-01 9.892309e-01 -2.337644e-02 8.396208e+00 -9.879621e-01 1.455389e-01 5.243555e-02 -1.654989e+01 5.527304e-02 1.551887e-02 9.983508e-01 5.112722e-01
1.440821e-01 9.892890e-01 -2.340488e-02 8.417394e+00 -9.880015e-01 1.451435e-01 5.278875e-02 -1.667433e+01 5.562040e-02 1.551814e-02 9.983315e-01 5.217331e-01
1.464805e-01 9.889462e-01 -2.300086e-02 8.432481e+00 -9.876046e-01 1.475284e-01 5.359661e-02 -1.678523e+01 5.639744e-02 1.486489e-02 9.982978e-01 5.289391e-01
1.498292e-01 9.884443e-01 -2.300529e-02 8.453763e+00 -9.870304e-01 1.508904e-01 5.480193e-02 -1.691178e+01 5.763992e-02 1.449598e-02 9.982323e-01 5.259050e-01
1.513668e-01 9.882050e-01 -2.321822e-02 8.500106e+00 -9.867629e-01 1.524455e-01 5.531223e-02 -1.705543e+01 5.819933e-02 1.453845e-02 9.981992e-01 5.362293e-01
1.511302e-01 9.882395e-01 -2.329354e-02 8.534107e+00 -9.867649e-01 1.522220e-01 5.588838e-02 -1.721363e+01 5.877688e-02 1.453883e-02 9.981654e-01 5.489034e-01
1.513640e-01 9.882001e-01 -2.344365e-02 8.528502e+00 -9.866890e-01 1.524738e-01 5.653888e-02 -1.739997e+01 5.944627e-02 1.457364e-02 9.981252e-01 5.568284e-01
1.532128e-01 9.879122e-01 -2.357147e-02 8.563042e+00 -9.863734e-01 1.543341e-01 5.699733e-02 -1.752547e+01 5.994623e-02 1.451755e-02 9.980962e-01 5.684673e-01
1.559125e-01 9.874954e-01 -2.333193e-02 8.585128e+00 -9.859159e-01 1.570232e-01 5.756456e-02 -1.765614e+01 6.050839e-02 1.402828e-02 9.980692e-01 5.812405e-01
1.584381e-01 9.870836e-01 -2.374003e-02 8.589625e+00 -9.854715e-01 1.595778e-01 5.814653e-02 -1.781820e+01 6.118386e-02 1.418249e-02 9.980258e-01 5.844982e-01
1.586432e-01 9.870585e-01 -2.341278e-02 8.603818e+00 -9.854041e-01 1.597709e-01 5.875443e-02 -1.797661e+01 6.173473e-02 1.375006e-02 9.979980e-01 6.059261e-01
1.570735e-01 9.873128e-01 -2.327210e-02 8.629766e+00 -9.856297e-01 1.582015e-01 5.921543e-02 -1.808260e+01 6.214583e-02 1.363649e-02 9.979740e-01 6.163596e-01
1.563947e-01 9.874053e-01 -2.390992e-02 8.633080e+00 -9.857000e-01 1.575708e-01 5.972525e-02 -1.823501e+01 6.274053e-02 1.422730e-02 9.979286e-01 6.099318e-01
1.568538e-01 9.873405e-01 -2.357671e-02 8.667774e+00 -9.855889e-01 1.580172e-01 6.037543e-02 -1.837005e+01 6.333663e-02 1.376682e-02 9.978974e-01 6.346420e-01
1.598139e-01 9.868598e-01 -2.382095e-02 8.679204e+00 -9.850949e-01 1.609904e-01 6.058202e-02 -1.853390e+01 6.362090e-02 1.378405e-02 9.978790e-01 6.494405e-01
1.603369e-01 9.867686e-01 -2.408451e-02 8.696729e+00 -9.849728e-01 1.615367e-01 6.111058e-02 -1.871805e+01 6.419252e-02 1.392430e-02 9.978405e-01 6.616714e-01
1.581354e-01 9.871249e-01 -2.403901e-02 8.704710e+00 -9.852992e-01 1.593432e-01 6.160571e-02 -1.885554e+01 6.464297e-02 1.394357e-02 9.978111e-01 6.742083e-01
1.571525e-01 9.872794e-01 -2.413788e-02 8.696551e+00 -9.854242e-01 1.583755e-01 6.210051e-02 -1.900379e+01 6.513339e-02 1.402680e-02 9.977781e-01 6.802364e-01
1.581295e-01 9.871243e-01 -2.410085e-02 8.708322e+00 -9.852393e-01 1.593541e-01 6.252857e-02 -1.912632e+01 6.556404e-02 1.385749e-02 9.977522e-01 6.905629e-01
1.617456e-01 9.865320e-01 -2.435485e-02 8.747506e+00 -9.846021e-01 1.629892e-01 6.319338e-02 -1.921535e+01 6.631187e-02 1.375858e-02 9.977042e-01 6.909696e-01
1.630431e-01 9.863223e-01 -2.419552e-02 8.764929e+00 -9.843396e-01 1.642834e-01 6.392546e-02 -1.935039e+01 6.702603e-02 1.339401e-02 9.976614e-01 7.038463e-01
1.632693e-01 9.862916e-01 -2.392216e-02 8.787209e+00 -9.842397e-01 1.645035e-01 6.489074e-02 -1.947838e+01 6.793646e-02 1.295048e-02 9.976057e-01 7.136401e-01
1.649435e-01 9.860059e-01 -2.421279e-02 8.802296e+00 -9.839365e-01 1.661977e-01 6.517187e-02 -1.961636e+01 6.828395e-02 1.307417e-02 9.975803e-01 7.271222e-01
1.674609e-01 9.855810e-01 -2.422918e-02 8.827494e+00 -9.834650e-01 1.687191e-01 6.580575e-02 -1.976748e+01 6.894482e-02 1.280866e-02 9.975384e-01 7.383866e-01
1.704481e-01 9.850668e-01 -2.431078e-02 8.847147e+00 -9.828955e-01 1.717150e-01 6.656196e-02 -1.993005e+01 6.974250e-02 1.254960e-02 9.974862e-01 7.507984e-01
1.731368e-01 9.845947e-01 -2.443535e-02 8.853949e+00 -9.823741e-01 1.744150e-01 6.723573e-02 -2.011944e+01 7.046183e-02 1.236367e-02 9.974380e-01 7.656941e-01
1.740970e-01 9.844229e-01 -2.453708e-02 8.857599e+00 -9.821621e-01 1.753871e-01 6.780142e-02 -2.028407e+01 7.104874e-02 1.229537e-02 9.973972e-01 7.779021e-01
1.743549e-01 9.843741e-01 -2.466201e-02 8.854513e+00 -9.820810e-01 1.756592e-01 6.826899e-02 -2.042809e+01 7.153432e-02 1.231706e-02 9.973622e-01 7.878265e-01
1.743016e-01 9.843787e-01 -2.485327e-02 8.862739e+00 -9.820526e-01 1.756258e-01 6.876326e-02 -2.055922e+01 7.205396e-02 1.242166e-02 9.973235e-01 7.962371e-01
1.741453e-01 9.844009e-01 -2.507195e-02 8.867677e+00 -9.820420e-01 1.754918e-01 6.925388e-02 -2.073007e+01 7.257349e-02 1.256148e-02 9.972841e-01 8.083489e-01
1.628164e-01 9.863328e-01 -2.526957e-02 8.907241e+00 -9.839285e-01 1.642161e-01 7.012741e-02 -2.097747e+01 7.331863e-02 1.344556e-02 9.972180e-01 8.321892e-01
1.472825e-01 9.887599e-01 -2.572889e-02 8.936332e+00 -9.863749e-01 1.487555e-01 7.025959e-02 -2.105111e+01 7.329717e-02 1.503032e-02 9.971970e-01 8.395157e-01
1.396287e-01 9.898656e-01 -2.588394e-02 8.926468e+00 -9.874669e-01 1.411374e-01 7.063607e-02 -2.117217e+01 7.357341e-02 1.569671e-02 9.971664e-01 8.400841e-01
1.353976e-01 9.904573e-01 -2.573188e-02 8.933187e+00 -9.880325e-01 1.369118e-01 7.104288e-02 -2.127986e+01 7.388792e-02 1.580490e-02 9.971414e-01 8.465977e-01
1.360871e-01 9.903606e-01 -2.581449e-02 8.960284e+00 -9.878981e-01 1.376138e-01 7.155327e-02 -2.141261e+01 7.441596e-02 1.576461e-02 9.971028e-01 8.602505e-01
1.389588e-01 9.899542e-01 -2.610333e-02 8.984020e+00 -9.874529e-01 1.405081e-01 7.207179e-02 -2.157886e+01 7.501549e-02 1.576079e-02 9.970579e-01 8.694024e-01
1.395744e-01 9.898622e-01 -2.630411e-02 9.027475e+00 -9.873319e-01 1.411438e-01 7.248632e-02 -2.172207e+01 7.546413e-02 1.585365e-02 9.970226e-01 8.851944e-01
1.396888e-01 9.898462e-01 -2.630105e-02 9.014201e+00 -9.872806e-01 1.412650e-01 7.294690e-02 -2.186332e+01 7.592163e-02 1.577665e-02 9.969891e-01 8.975692e-01
1.378252e-01 9.901000e-01 -2.657785e-02 9.009002e+00 -9.875027e-01 1.394355e-01 7.345835e-02 -2.205338e+01 7.643700e-02 1.612129e-02 9.969442e-01 9.108145e-01
1.261764e-01 9.916453e-01 -2.682044e-02 9.051356e+00 -9.890218e-01 1.278467e-01 7.410228e-02 -2.223049e+01 7.691208e-02 1.717604e-02 9.968901e-01 9.269259e-01
1.155412e-01 9.929387e-01 -2.689437e-02 9.088669e+00 -9.903031e-01 1.172526e-01 7.450914e-02 -2.233658e+01 7.713643e-02 1.802471e-02 9.968578e-01 9.381058e-01
1.124110e-01 9.932994e-01 -2.683672e-02 9.066352e+00 -9.906308e-01 1.141351e-01 7.499254e-02 -2.246855e+01 7.755305e-02 1.815530e-02 9.968230e-01 9.486745e-01
1.108360e-01 9.934701e-01 -2.706834e-02 9.065971e+00 -9.907864e-01 1.125876e-01 7.527646e-02 -2.259331e+01 7.783247e-02 1.847559e-02 9.967953e-01 9.570938e-01
1.107869e-01 9.934732e-01 -2.715620e-02 9.095556e+00 -9.907476e-01 1.125558e-01 7.583160e-02 -2.274502e+01 7.839325e-02 1.850379e-02 9.967509e-01 9.707173e-01
1.121860e-01 9.933130e-01 -2.727120e-02 9.105450e+00 -9.905440e-01 1.139702e-01 7.637718e-02 -2.290147e+01 7.897455e-02 1.844487e-02 9.967061e-01 9.845763e-01
