1.000000e+00 3.978107e-10 6.459439e-09 0.000000e+00 3.978107e-10 1.000000e+00 -9.849855e-11 0.000000e+00 6.459439e-09 -9.849855e-11 1.000000e+00 0.000000e+00
9.999996e-01 -5.279473e-04 -7.677486e-04 3.178309e-03 5.278220e-04 9.999998e-01 -1.643711e-04 -3.182248e-03 7.678481e-04 1.639656e-04 9.999997e-01 2.984561e-05
9.999996e-01 6.827735e-04 -5.099913e-04 -1.028868e-02 -6.826036e-04 9.999997e-01 3.315643e-04 3.788110e-03 5.102305e-04 -3.312162e-04 9.999998e-01 1.368934e-04
9.999998e-01 -5.764527e-04 -2.845814e-04 4.194042e-03 5.764851e-04 9.999998e-01 1.108434e-04 -1.883382e-03 2.845304e-04 -1.110076e-04 1.000000e+00 -2.655463e-04
1.000000e+00 -2.679032e-04 3.847000e-05 2.376490e-03 2.678960e-04 9.999999e-01 2.082726e-04 2.679475e-03 -3.851287e-05 -2.082625e-04 1.000000e+00 -2.378433e-04
9.999999e-01 -9.924056e-05 -4.801620e-04 7.380898e-04 9.951245e-05 9.999998e-01 5.646051e-04 -5.490989e-03 4.801188e-04 -5.646530e-04 9.999997e-01 -3.715758e-04
9.999999e-01 -2.923403e-04 -4.228481e-04 4.002484e-03 2.927541e-04 9.999995e-01 9.769386e-04 -2.551214e-03 4.225752e-04 -9.770624e-04 9.999994e-01 -1.521858e-03
9.999997e-01 -8.096833e-04 -1.214348e-04 4.316962e-03 8.095997e-04 9.999994e-01 -6.930625e-04 -1.307127e-03 1.220088e-04 6.929638e-04 9.999998e-01 -4.823603e-04
9.999999e-01 -2.581730e-04 -2.686622e-04 5.491891e-03 2.582999e-04 9.999999e-01 4.693654e-04 -3.400814e-03 2.685539e-04 -4.694349e-04 9.999999e-01 -6.484782e-03
1.000000e+00 1.522883e-04 2.032455e-04 2.428916e-03 -1.523127e-04 1.000000e+00 1.236350e-04 -2.500934e-03 -2.032137e-04 -1.236662e-04 1.000000e+00 -5.984068e-03
9.999995e-01 7.605908e-04 -7.110196e-04 1.948965e-03 -7.602329e-04 9.999996e-01 5.023273e-04 1.754574e-03 7.114143e-04 -5.017867e-04 9.999996e-01 -1.088250e-02
9.999998e-01 5.555061e-04 2.315330e-04 -2.348572e-03 -5.553998e-04 9.999997e-01 -4.557876e-04 9.435660e-04 -2.317732e-04 4.556587e-04 9.999999e-01 -1.272675e-03
9.999994e-01 1.745884e-04 -1.105426e-03 6.285143e-03 -1.740414e-04 9.999999e-01 4.941082e-04 -2.358400e-04 1.105525e-03 -4.939157e-04 9.999993e-01 1.282693e-04
9.999999e-01 3.308077e-04 2.111112e-04 1.728286e-03 -3.308990e-04 9.999999e-01 4.362321e-04 -2.734382e-05 -2.109540e-04 -4.363021e-04 9.999999e-01 -3.943113e-04
9.999998e-01 1.868569e-04 6.302961e-04 1.290725e-03 -1.868083e-04 1.000000e+00 -7.590455e-05 -7.389108e-04 -6.302973e-04 7.578660e-05 9.999998e-01 -1.466043e-03
9.999999e-01 2.566213e-04 -2.073973e-04 2.947762e-03 -2.566050e-04 1.000000e+00 7.477678e-05 5.059092e-03 2.074294e-04 -7.472375e-05 1.000000e+00 -5.807855e-05
9.999999e-01 2.992769e-04 1.534914e-04 4.475794e-03 -2.993068e-04 9.999999e-01 2.005327e-04 -2.101634e-03 -1.534184e-04 -2.005789e-04 1.000000e+00 -1.697398e-03
9.999999e-01 3.804962e-04 1.294715e-04 2.201017e-03 -3.805218e-04 9.999999e-01 2.038788e-04 -2.957422e-03 -1.293810e-04 -2.039283e-04 1.000000e+00 5.984304e-04
1.000000e+00 6.268961e-05 2.123702e-04 3.773154e-03 -6.267538e-05 1.000000e+00 -6.327270e-05 -1.924905e-03 -2.123612e-04 6.325919e-05 1.000000e+00 2.793212e-03
9.999996e-01 -4.185145e-04 -8.346058e-04 8.106323e-03 4.183023e-04 9.999999e-01 -2.553574e-04 -1.436079e-03 8.347255e-04 2.550079e-04 9.999996e-01 2.385890e-03
9.999997e-01 -4.247339e-04 -5.688164e-04 1.334361e-02 4.248557e-04 9.999999e-01 2.126468e-04 -5.286075e-03 5.687389e-04 -2.128886e-04 9.999998e-01 1.616796e-03
9.999996e-01 3.002307e-04 7.842292e-04 8.377931e-03 -3.002722e-04 1.000000e+00 5.376698e-05 -1.452625e-03 -7.842001e-04 -5.400264e-05 9.999997e-01 4.210965e-03
9.999998e-01 4.052058e-04 3.973850e-04 6.246678e-03 -4.052844e-04 9.999999e-01 1.997367e-04 -1.357880e-04 -3.972912e-04 -1.998979e-04 9.999999e-01 4.300987e-04
9.999999e-01 4.990621e-04 1.847172e-04 4.770267e-03 -4.989615e-04 9.999997e-01 -5.396833e-04 -2.804680e-03 -1.849735e-04 5.395908e-04 9.999998e-01 1.893132e-03
1.000000e+00 2.420412e-04 -2.225291e-05 5.777865e-03 -2.420415e-04 1.000000e+00 -4.868088e-05 -4.115146e-04 2.225405e-05 4.868607e-05 1.000000e+00 1.104242e-03
1.000000e+00 6.360820e-05 -2.715073e-05 7.916803e-03 -6.360036e-05 1.000000e+00 2.593006e-04 -2.967076e-03 2.718014e-05 -2.592991e-04 1.000000e+00 -1.262035e-04
9.999998e-01 -4.020061e-04 -4.664093e-04 9.356351e-03 4.021093e-04 9.999999e-01 2.193668e-04 -2.755294e-03 4.663340e-04 -2.195545e-04 9.999999e-01 2.016823e-03
9.999994e-01 -5.783729e-04 -8.765176e-04 1.226250e-02 5.785722e-04 9.999998e-01 2.261996e-04 -1.631231e-03 8.763996e-04 -2.267068e-04 9.999996e-01 4.763643e-03
9.999997e-01 -5.033208e-04 -6.231792e-04 1.058880e-02 5.034931e-04 9.999998e-01 2.749772e-04 -3.226392e-03 6.230536e-04 -2.752911e-04 9.999998e-01 3.285395e-04
9.999999e-01 -4.615742e-04 -1.295453e-04 1.414977e-02 4.615763e-04 9.999999e-01 9.739973e-06 1.320728e-03 1.295537e-04 -9.799970e-06 1.000000e+00 1.859472e-03
9.999996e-01 -3.491626e-04 -7.862344e-04 1.499948e-02 3.497556e-04 9.999997e-01 7.531873e-04 -9.172586e-04 7.859841e-04 -7.534623e-04 9.999994e-01 -2.880449e-04
9.999999e-01 -1.245321e-04 -4.589473e-04 1.259399e-02 1.247214e-04 9.999999e-01 4.106869e-04 1.670452e-04 4.589091e-04 -4.107443e-04 9.999998e-01 1.225612e-03
1.000000e+00 -4.179295e-05 -2.964031e-04 7.370830e-03 4.177111e-05 1.000000e+00 -7.636544e-05 2.737039e-03 2.964192e-04 7.635286e-05 1.000000e+00 2.879317e-03
1.000000e+00 1.039164e-04 -4.738550e-06 9.959207e-03 -1.039129e-04 9.999998e-01 5.598793e-04 -4.108483e-03 4.809649e-06 -5.598790e-04 9.999998e-01 1.112818e-05
9.999994e-01 7.456502e-04 8.194771e-04 9.412840e-03 -7.454020e-04 9.999997e-01 -3.021385e-04 3.934294e-03 -8.196892e-04 3.015273e-04 9.999996e-01 3.476882e-03
9.999969e-01 2.459958e-03 -2.525700e-04 1.723548e-02 -2.459851e-03 9.999969e-01 4.188115e-04 6.820753e-03 2.536124e-04 -4.181891e-04 9.999999e-01 2.838075e-03
9.999886e-01 4.766768e-03 -3.184886e-04 2.616453e-02 -4.766642e-03 9.999886e-01 3.904876e-04 4.586178e-03 3.203592e-04 -3.889652e-04 9.999999e-01 1.496391e-03
9.999764e-01 6.866788e-03 -2.301259e-04 5.270943e-02 -6.866769e-03 9.999764e-01 7.750196e-05 2.619106e-03 2.306656e-04 -7.592002e-05 1.000000e+00 1.255310e-03
9.999646e-01 8.370075e-03 -8.968787e-04 6.280173e-02 -8.369974e-03 9.999650e-01 1.156147e-04 -1.429012e-03 8.978279e-04 -1.081039e-04 9.999996e-01 4.890353e-03
9.999513e-01 9.801875e-03 -1.109549e-03 7.536191e-02 -9.801117e-03 9.999517e-01 6.858069e-04 -6.710559e-04 1.116231e-03 -6.748988e-04 9.999991e-01 2.316279e-03
9.999237e-01 1.233980e-02 -5.242196e-04 9.953056e-02 -1.233968e-02 9.999238e-01 2.300388e-04 8.963116e-03 5.270312e-04 -2.235526e-04 9.999998e-01 1.522262e-03
9.999199e-01 1.265721e-02 -2.575328e-04 1.217366e-01 -1.265708e-02 9.999198e-01 4.968043e-04 -5.103326e-03 2.638132e-04 -4.935049e-04 9.999998e-01 -1.034747e-03
9.999085e-01 1.352833e-02 -2.553006e-04 1.429265e-01 -1.352832e-02 9.999085e-01 4.696474e-05 -1.229184e-02 2.559255e-04 -4.350668e-05 1.000000e+00 1.269722e-03
9.998713e-01 1.600180e-02 -1.170218e-03 1.631514e-01 -1.600193e-02 9.998720e-01 -1.024874e-04 -1.361446e-03 1.168441e-03 1.212000e-04 9.999993e-01 1.520746e-03
9.998722e-01 1.597937e-02 -5.486255e-04 2.004326e-01 -1.597868e-02 9.998716e-01 1.231891e-03 -9.333334e-03 5.682528e-04 -1.222967e-03 9.999991e-01 1.230927e-03
9.998495e-01 1.732374e-02 9.824102e-04 2.393494e-01 -1.732344e-02 9.998499e-01 -3.086197e-04 2.376889e-03 -9.875963e-04 2.915545e-04 9.999995e-01 4.399743e-04
9.998480e-01 1.743542e-02 1.536190e-04 2.836026e-01 -1.743553e-02 9.998477e-01 7.235821e-04 1.929285e-04 -1.409668e-04 -7.261505e-04 9.999997e-01 5.919296e-03
9.998529e-01 1.708261e-02 -1.564309e-03 3.162138e-01 -1.708173e-02 9.998539e-01 5.710202e-04 3.076576e-03 1.573848e-03 -5.442150e-04 9.999986e-01 5.442733e-03
9.998558e-01 1.697734e-02 4.706320e-04 3.818503e-01 -1.697770e-02 9.998556e-01 7.626271e-04 -7.291159e-03 -4.576037e-04 -7.705074e-04 9.999996e-01 -3.488091e-03
9.998750e-01 1.572245e-02 1.645115e-03 4.581547e-01 -1.572196e-02 9.998764e-01 -3.120141e-04 -5.745529e-03 -1.649804e-03 2.861107e-04 9.999986e-01 7.488305e-03
9.998694e-01 1.615471e-02 -4.061977e-04 5.469061e-01 -1.615471e-02 9.998695e-01 -1.197548e-05 -1.210297e-03 4.059642e-04 1.853594e-05 9.999999e-01 8.340294e-03
9.998857e-01 1.512222e-02 7.709359e-06 6.306624e-01 -1.512219e-02 9.998845e-01 -1.544813e-03 -4.681806e-03 -3.105655e-05 1.544520e-03 9.999988e-01 5.754520e-03
9.999212e-01 1.247669e-02 -1.394236e-03 7.144552e-01 -1.247611e-02 9.999221e-01 4.256084e-04 -1.294666e-02 1.399451e-03 -4.081803e-04 9.999989e-01 8.670234e-03
9.999130e-01 1.316738e-02 -7.812741e-04 7.812512e-01 -1.316795e-02 9.999130e-01 -7.374897e-04 -2.591487e-02 7.715083e-04 7.477133e-04 9.999994e-01 1.135118e-02
9.998783e-01 1.498062e-02 -4.361501e-03 8.475395e-01 -1.498527e-02 9.998872e-01 -1.035765e-03 -3.000262e-02 4.345505e-03 1.100997e-03 9.999900e-01 5.876034e-03
9.998412e-01 1.732628e-02 -4.157150e-03 9.004709e-01 -1.732666e-02 9.998499e-01 -5.579503e-05 -2.324795e-02 4.155573e-03 1.278157e-04 9.999914e-01 1.038383e-02
9.998881e-01 1.490973e-02 1.191094e-03 1.015257e+00 -1.491231e-02 9.998864e-01 2.192376e-03 -2.594945e-02 -1.158258e-03 -2.209893e-03 9.999969e-01 9.063366e-03
9.998360e-01 1.807727e-02 -1.042379e-03 1.160818e+00 -1.807685e-02 9.998365e-01 4.108963e-04 -3.810069e-02 1.049649e-03 -3.919860e-04 9.999994e-01 7.919258e-03
9.998518e-01 1.712087e-02 -1.783529e-03 1.299059e+00 -1.711991e-02 9.998533e-01 5.500047e-04 -5.023416e-02 1.792697e-03 -5.193893e-04 9.999983e-01 1.210857e-02
9.998642e-01 1.647719e-02 2.027214e-05 1.432665e+00 -1.647717e-02 9.998641e-01 -5.683359e-04 -7.114800e-02 -2.962104e-05 5.679247e-04 9.999998e-01 1.630054e-02
9.998801e-01 1.512680e-02 -3.319701e-03 1.561554e+00 -1.512473e-02 9.998854e-01 6.487063e-04 -7.609135e-02 3.329147e-03 -5.984189e-04 9.999943e-01 1.463920e-02
9.998933e-01 1.450553e-02 -1.734058e-03 1.712334e+00 -1.450473e-02 9.998947e-01 4.728147e-04 -7.686340e-02 1.740747e-03 -4.476122e-04 9.999984e-01 1.993078e-02
9.998960e-01 1.433961e-02 -1.527606e-03 1.865775e+00 -1.433732e-02 9.998961e-01 1.498923e-03 -9.050733e-02 1.548955e-03 -1.476866e-03 9.999977e-01 2.216381e-02
9.998569e-01 1.668195e-02 -2.804977e-03 1.996461e+00 -1.667364e-02 9.998566e-01 2.960432e-03 -1.113468e-01 2.853974e-03 -2.913239e-03 9.999917e-01 1.286767e-02
9.998333e-01 1.761243e-02 -4.819727e-03 2.150673e+00 -1.760800e-02 9.998445e-01 9.602777e-04 -1.005301e-01 4.835904e-03 -8.752518e-04 9.999879e-01 2.609811e-02
9.998479e-01 1.651656e-02 -5.609886e-03 2.276221e+00 -1.651565e-02 9.998636e-01 2.087761e-04 -1.184745e-01 5.612582e-03 -1.160934e-04 9.999842e-01 2.322152e-02
9.998831e-01 1.500874e-02 -2.936323e-03 2.432545e+00 -1.500504e-02 9.998866e-01 1.276837e-03 -1.270434e-01 2.955167e-03 -1.232629e-03 9.999949e-01 2.503265e-02
9.999008e-01 1.376906e-02 -2.960960e-03 2.560963e+00 -1.376166e-02 9.999022e-01 2.503261e-03 -1.381476e-01 2.995151e-03 -2.462265e-03 9.999925e-01 2.339120e-02
9.999065e-01 1.261827e-02 -5.279153e-03 2.715496e+00 -1.261860e-02 9.999204e-01 -2.968687e-05 -1.398643e-01 5.278371e-03 9.629956e-05 9.999861e-01 3.692033e-02
9.999138e-01 1.172377e-02 -5.906978e-03 2.858267e+00 -1.171588e-02 9.999304e-01 1.367488e-03 -1.476270e-01 5.922612e-03 -1.298164e-03 9.999816e-01 3.588199e-02
9.999195e-01 1.103192e-02 -6.269780e-03 2.989737e+00 -1.103030e-02 9.999391e-01 2.922692e-04 -1.642187e-01 6.272636e-03 -2.230882e-04 9.999803e-01 3.773064e-02
9.999466e-01 9.671810e-03 -3.628158e-03 3.134076e+00 -9.667156e-03 9.999524e-01 1.297778e-03 -1.614199e-01 3.640550e-03 -1.262635e-03 9.999926e-01 3.105923e-02
9.999653e-01 8.019988e-03 -2.271024e-03 3.294019e+00 -8.020573e-03 9.999678e-01 -2.491611e-04 -1.610256e-01 2.268965e-03 2.673673e-04 9.999974e-01 5.096809e-02
9.999171e-01 7.284643e-03 -1.061378e-02 3.447298e+00 -7.309107e-03 9.999707e-01 -2.268047e-03 -1.718551e-01 1.059696e-02 2.345437e-03 9.999411e-01 4.876578e-02
9.999121e-01 1.041475e-02 -8.202382e-03 3.579317e+00 -1.042011e-02 9.999455e-01 -6.111682e-04 -1.800836e-01 8.195583e-03 6.965841e-04 9.999662e-01 4.602110e-02
9.999065e-01 1.132273e-02 -7.663569e-03 3.727028e+00 -1.131732e-02 9.999357e-01 7.483417e-04 -1.910615e-01 7.671562e-03 -6.615407e-04 9.999704e-01 5.447710e-02
9.999362e-01 1.060747e-02 -3.894422e-03 3.858398e+00 -1.063576e-02 9.999167e-01 -7.318565e-03 -2.013307e-01 3.816479e-03 7.359518e-03 9.999656e-01 4.729577e-02
9.999335e-01 9.937746e-03 -5.844389e-03 4.015963e+00 -9.915869e-03 9.999438e-01 3.760360e-03 -2.189164e-01 5.881443e-03 -3.702158e-03 9.999759e-01 5.105636e-02
9.999552e-01 6.796147e-03 -6.582222e-03 4.156702e+00 -6.780490e-03 9.999741e-01 2.398043e-03 -2.243603e-01 6.598363e-03 -2.353305e-03 9.999755e-01 5.686421e-02
9.999387e-01 3.942327e-03 -1.034692e-02 4.295252e+00 -3.941020e-03 9.999922e-01 1.465997e-04 -2.309462e-01 1.034744e-02 -1.058134e-04 9.999465e-01 5.580516e-02
9.999585e-01 1.711045e-03 -8.948284e-03 4.423726e+00 -1.707972e-03 9.999985e-01 3.509147e-04 -2.484849e-01 8.948883e-03 -3.356169e-04 9.999599e-01 6.183778e-02
9.999507e-01 -1.149453e-04 -9.924467e-03 4.554695e+00 1.036210e-04 9.999993e-01 -1.141639e-03 -2.562493e-01 9.924604e-03 1.140554e-03 9.999501e-01 5.652207e-02
9.999681e-01 -1.174016e-03 -7.900315e-03 4.698401e+00 1.193953e-03 9.999961e-01 2.519109e-03 -2.594436e-01 7.897339e-03 -2.528462e-03 9.999656e-01 5.874731e-02
9.999426e-01 -2.632500e-03 -1.038619e-02 4.845547e+00 2.622940e-03 9.999961e-01 -9.339949e-04 -2.706891e-01 1.038862e-02 9.066988e-04 9.999456e-01 7.178889e-02
9.999749e-01 -2.408337e-03 -6.664741e-03 5.030356e+00 2.407437e-03 9.999971e-01 -1.431387e-04 -2.911763e-01 6.665079e-03 1.270899e-04 9.999778e-01 6.132988e-02
9.997040e-01 2.344603e-02 -6.497804e-03 5.266732e+00 -2.342134e-02 9.997183e-01 3.849668e-03 -2.391190e-01 6.586245e-03 -3.696341e-03 9.999715e-01 6.764031e-02
9.974071e-01 7.137086e-02 -9.229668e-03 5.464836e+00 -7.135805e-02 9.974493e-01 1.710661e-03 -2.108347e-01 9.328231e-03 -1.047614e-03 9.999559e-01 7.302001e-02
9.909846e-01 1.336093e-01 -9.904262e-03 5.632493e+00 -1.336047e-01 9.910341e-01 1.135725e-03 -1.951626e-01 9.967218e-03 1.977707e-04 9.999503e-01 7.246974e-02
9.791116e-01 2.030189e-01 -1.112426e-02 5.796436e+00 -2.030116e-01 9.791747e-01 1.799530e-03 -2.062548e-01 1.125794e-02 4.964146e-04 9.999365e-01 7.984485e-02
9.610514e-01 2.761152e-01 -1.185769e-02 5.892834e+00 -2.761215e-01 9.611221e-01 1.128528e-03 -2.440890e-01 1.170830e-02 2.189593e-03 9.999291e-01 8.065883e-02
9.362046e-01 3.513529e-01 -8.494602e-03 6.059677e+00 -3.513610e-01 9.362399e-01 5.687733e-04 -2.793280e-01 8.152837e-03 2.452187e-03 9.999638e-01 8.192837e-02
9.039693e-01 4.273656e-01 -1.407522e-02 6.166461e+00 -4.274003e-01 9.040623e-01 5.941286e-04 -3.382719e-01 1.297880e-02 5.478684e-03 9.999008e-01 9.169507e-02
8.655364e-01 5.006746e-01 -1.310514e-02 6.291702e+00 -5.007102e-01 8.656147e-01 6.438633e-04 -4.173260e-01 1.166638e-02 6.004598e-03 9.999139e-01 9.946909e-02
8.154206e-01 5.787649e-01 -1.097953e-02 6.422053e+00 -5.787985e-01 8.154706e-01 1.397141e-04 -5.073456e-01 9.034354e-03 6.241015e-03 9.999397e-01 9.258107e-02
7.542945e-01 6.564372e-01 -1.140413e-02 6.552988e+00 -6.564706e-01 7.543509e-01 1.033858e-03 -5.868105e-01 9.281385e-03 6.706648e-03 9.999344e-01 1.001745e-01
6.832000e-01 7.300740e-01 -1.515958e-02 6.620473e+00 -7.301377e-01 6.832976e-01 1.829002e-03 -7.011364e-01 1.169382e-02 9.819018e-03 9.998834e-01 9.403185e-02
6.065159e-01 7.949679e-01 -1.282642e-02 6.713499e+00 -7.950227e-01 6.065783e-01 1.273833e-03 -7.977333e-01 8.792891e-03 9.424705e-03 9.999169e-01 9.988066e-02
5.289650e-01 8.485455e-01 -1.290238e-02 6.779224e+00 -8.486075e-01 5.290216e-01 1.183503e-03 -9.180487e-01 7.829901e-03 1.032304e-02 9.999161e-01 1.093222e-01
4.412360e-01 8.972555e-01 -1.559972e-02 6.826058e+00 -8.973658e-01 4.412875e-01 -1.563507e-04 -1.061591e+00 6.743681e-03 1.406765e-02 9.998783e-01 1.063152e-01
3.486195e-01 9.371790e-01 -1.264802e-02 6.888194e+00 -9.372377e-01 3.486795e-01 2.831467e-03 -1.190891e+00 7.063702e-03 1.086711e-02 9.999160e-01 1.215080e-01
2.648233e-01 9.641724e-01 -1.550132e-02 6.930454e+00 -9.642749e-01 2.648918e-01 2.507545e-03 -1.298595e+00 6.523882e-03 1.428349e-02 9.998767e-01 1.087850e-01
1.954530e-01 9.806191e-01 -1.357193e-02 6.932148e+00 -9.806725e-01 1.955521e-01 6.387870e-03 -1.362409e+00 8.918089e-03 1.206110e-02 9.998875e-01 1.116843e-01
1.539325e-01 9.879607e-01 -1.544119e-02 6.898335e+00 -9.880672e-01 1.539952e-01 2.950414e-03 -1.412319e+00 5.292765e-03 1.480278e-02 9.998764e-01 1.181860e-01
1.431931e-01 9.895408e-01 -1.745831e-02 6.873585e+00 -9.896769e-01 1.432742e-01 3.481966e-03 -1.555039e+00 5.946876e-03 1.677951e-02 9.998415e-01 9.516263e-02
1.439382e-01 9.894762e-01 -1.478348e-02 6.890669e+00 -9.895611e-01 1.440259e-01 5.043634e-03 -1.704884e+00 7.119762e-03 1.390320e-02 9.998780e-01 1.122762e-01
1.491234e-01 9.886887e-01 -1.602637e-02 6.906025e+00 -9.887975e-01 1.492065e-01 4.111230e-03 -1.839819e+00 6.455967e-03 1.523377e-02 9.998631e-01 1.048859e-01
1.548294e-01 9.878244e-01 -1.518977e-02 6.915001e+00 -9.879239e-01 1.548996e-01 3.548135e-03 -1.974011e+00 5.857825e-03 1.445699e-02 9.998783e-01 1.050617e-01
1.620393e-01 9.866927e-01 -1.344788e-02 6.906894e+00 -9.867716e-01 1.620914e-01 2.870478e-03 -2.117609e+00 5.012068e-03 1.280487e-02 9.999055e-01 1.119619e-01
1.669787e-01 9.858442e-01 -1.514638e-02 6.941964e+00 -9.859583e-01 1.669910e-01 -4.549014e-04 -2.268738e+00 2.080850e-03 1.500967e-02 9.998852e-01 9.766722e-02
1.709858e-01 9.851928e-01 -1.260824e-02 6.968740e+00 -9.852526e-01 1.710516e-01 4.324386e-03 -2.430870e+00 6.417016e-03 1.168291e-02 9.999112e-01 1.237646e-01
1.748736e-01 9.844486e-01 -1.673545e-02 6.984500e+00 -9.845628e-01 1.749717e-01 4.575140e-03 -2.575610e+00 7.432222e-03 1.567704e-02 9.998495e-01 1.151529e-01
1.795166e-01 9.836583e-01 -1.378822e-02 7.018312e+00 -9.837243e-01 1.796040e-01 5.378707e-03 -2.708112e+00 7.767232e-03 1.259825e-02 9.998905e-01 1.119538e-01
1.831157e-01 9.829813e-01 -1.470996e-02 7.045217e+00 -9.830619e-01 1.832055e-01 5.001199e-03 -2.847408e+00 7.611034e-03 1.354502e-02 9.998793e-01 1.300381e-01
1.863905e-01 9.823206e-01 -1.745846e-02 7.045987e+00 -9.824454e-01 1.864950e-01 4.549215e-03 -3.002303e+00 7.724706e-03 1.630406e-02 9.998372e-01 1.182268e-01
1.851659e-01 9.826221e-01 -1.293527e-02 7.065494e+00 -9.826741e-01 1.852517e-01 5.775948e-03 -3.139533e+00 8.071858e-03 1.164165e-02 9.998997e-01 1.155966e-01
1.867007e-01 9.822738e-01 -1.676317e-02 7.066356e+00 -9.823791e-01 1.868159e-01 5.576951e-03 -3.266425e+00 8.609722e-03 1.542658e-02 9.998439e-01 1.317338e-01
1.895009e-01 9.817019e-01 -1.872873e-02 7.074316e+00 -9.818260e-01 1.896569e-01 6.921396e-03 -3.421549e+00 1.034678e-02 1.707675e-02 9.998006e-01 1.180277e-01
1.930388e-01 9.810983e-01 -1.349641e-02 7.111990e+00 -9.811460e-01 1.931437e-01 6.937317e-03 -3.543855e+00 9.412939e-03 1.190279e-02 9.998849e-01 1.273931e-01
1.954717e-01 9.805549e-01 -1.740355e-02 7.136083e+00 -9.806785e-01 1.955755e-01 4.464111e-03 -3.677894e+00 7.781018e-03 1.619469e-02 9.998386e-01 1.343224e-01
1.972817e-01 9.802114e-01 -1.629641e-02 7.128797e+00 -9.803042e-01 1.974010e-01 6.047958e-03 -3.842339e+00 9.145207e-03 1.478230e-02 9.998489e-01 1.230313e-01
1.981612e-01 9.800208e-01 -1.707028e-02 7.168244e+00 -9.801156e-01 1.983029e-01 7.032873e-03 -3.972002e+00 1.027745e-02 1.533721e-02 9.998296e-01 1.383646e-01
2.002193e-01 9.796058e-01 -1.687420e-02 7.170451e+00 -9.797126e-01 2.003344e-01 5.415907e-03 -4.119154e+00 8.685940e-03 1.544751e-02 9.998430e-01 1.285368e-01
2.017791e-01 9.793485e-01 -1.271449e-02 7.205563e+00 -9.793977e-01 2.018624e-01 5.637272e-03 -4.265436e+00 8.087434e-03 1.131507e-02 9.999033e-01 1.396498e-01
2.048456e-01 9.786775e-01 -1.511838e-02 7.248903e+00 -9.787227e-01 2.049930e-01 8.927560e-03 -4.417241e+00 1.183637e-02 1.296794e-02 9.998459e-01 1.447576e-01
2.053789e-01 9.785480e-01 -1.622422e-02 7.231777e+00 -9.786129e-01 2.055339e-01 8.525598e-03 -4.548913e+00 1.167734e-02 1.412627e-02 9.998320e-01 1.363541e-01
2.072443e-01 9.781883e-01 -1.404960e-02 7.300814e+00 -9.782212e-01 2.073779e-01 8.818355e-03 -4.662707e+00 1.153959e-02 1.191607e-02 9.998624e-01 1.476324e-01
2.122682e-01 9.770555e-01 -1.745729e-02 7.302084e+00 -9.771525e-01 2.124177e-01 7.189582e-03 -4.796893e+00 1.073286e-02 1.553232e-02 9.998218e-01 1.505658e-01
2.145537e-01 9.765884e-01 -1.555088e-02 7.328819e+00 -9.766496e-01 2.146931e-01 7.906236e-03 -4.956571e+00 1.105981e-02 1.349146e-02 9.998478e-01 1.344654e-01
2.144101e-01 9.766798e-01 -1.117213e-02 7.369511e+00 -9.766943e-01 2.145002e-01 7.603116e-03 -5.080459e+00 9.822238e-03 9.281586e-03 9.999087e-01 1.523433e-01
2.161550e-01 9.761871e-01 -1.832433e-02 7.378005e+00 -9.762730e-01 2.163471e-01 9.221515e-03 -5.234428e+00 1.296634e-02 1.589628e-02 9.997896e-01 1.439575e-01
2.165852e-01 9.761277e-01 -1.629791e-02 7.401231e+00 -9.761514e-01 2.167833e-01 1.154841e-02 -5.362407e+00 1.480584e-02 1.340803e-02 9.998005e-01 1.349423e-01
2.173594e-01 9.759840e-01 -1.449894e-02 7.441451e+00 -9.759844e-01 2.175317e-01 1.159268e-02 -5.463722e+00 1.446825e-02 1.163097e-02 9.998277e-01 1.458730e-01
2.212846e-01 9.750360e-01 -1.838254e-02 7.451837e+00 -9.751232e-01 2.214762e-01 9.111761e-03 -5.632914e+00 1.295559e-02 1.590896e-02 9.997895e-01 1.432866e-01
2.218460e-01 9.749745e-01 -1.445839e-02 7.486558e+00 -9.750080e-01 2.219871e-01 9.005167e-03 -5.786505e+00 1.198939e-02 1.209930e-02 9.998549e-01 1.431696e-01
2.213345e-01 9.750503e-01 -1.696876e-02 7.510845e+00 -9.751167e-01 2.215072e-01 9.059095e-03 -5.924842e+00 1.259178e-02 1.454144e-02 9.998150e-01 1.612888e-01
2.219988e-01 9.748639e-01 -1.888981e-02 7.521330e+00 -9.749694e-01 2.221838e-01 8.308255e-03 -6.072837e+00 1.229643e-02 1.657257e-02 9.997871e-01 1.491905e-01
2.226775e-01 9.747437e-01 -1.701371e-02 7.570239e+00 -9.747916e-01 2.228713e-01 1.047393e-02 -6.215935e+00 1.400127e-02 1.425252e-02 9.998004e-01 1.605543e-01
2.238141e-01 9.744730e-01 -1.759407e-02 7.571392e+00 -9.745234e-01 2.240220e-01 1.087144e-02 -6.395713e+00 1.453539e-02 1.471266e-02 9.997861e-01 1.522721e-01
2.061463e-01 9.783994e-01 -1.543725e-02 7.624940e+00 -9.784309e-01 2.063159e-01 1.032965e-02 -6.604223e+00 1.329148e-02 1.297487e-02 9.998275e-01 1.557706e-01
1.810815e-01 9.833315e-01 -1.638847e-02 7.601426e+00 -9.833472e-01 1.812954e-01 1.266123e-02 -6.713032e+00 1.542134e-02 1.382286e-02 9.997855e-01 1.687486e-01
1.654022e-01 9.860912e-01 -1.631701e-02 7.605549e+00 -9.861283e-01 1.655963e-01 1.135337e-02 -6.815852e+00 1.389750e-02 1.421281e-02 9.998024e-01 1.549245e-01
1.585810e-01 9.872553e-01 -1.337828e-02 7.675518e+00 -9.872237e-01 1.587600e-01 1.358642e-02 -6.920643e+00 1.553720e-02 1.105282e-02 9.998182e-01 1.612326e-01
1.553611e-01 9.876976e-01 -1.778571e-02 7.698497e+00 -9.877442e-01 1.555911e-01 1.236196e-02 -7.061369e+00 1.497718e-02 1.564718e-02 9.997654e-01 1.716345e-01
1.534032e-01 9.880096e-01 -1.745215e-02 7.688076e+00 -9.881196e-01 1.535392e-01 6.731527e-03 -7.221491e+00 9.330405e-03 1.621219e-02 9.998250e-01 1.623027e-01
1.538647e-01 9.880012e-01 -1.339012e-02 7.714392e+00 -9.880313e-01 1.539913e-01 8.995413e-03 -7.407342e+00 1.094944e-02 1.184579e-02 9.998699e-01 1.843104e-01
1.489760e-01 9.887053e-01 -1.636761e-02 7.727486e+00 -9.887801e-01 1.491299e-01 8.614798e-03 -7.644677e+00 1.095840e-02 1.490058e-02 9.998289e-01 1.789903e-01
1.312606e-01 9.911997e-01 -1.714171e-02 7.739665e+00 -9.912509e-01 1.314700e-01 1.171501e-02 -7.804442e+00 1.386554e-02 1.545403e-02 9.997844e-01 1.801774e-01
1.221412e-01 9.923584e-01 -1.750065e-02 7.737950e+00 -9.923728e-01 1.224011e-01 1.463770e-02 -7.873011e+00 1.666795e-02 1.557931e-02 9.997397e-01 1.851796e-01
1.217599e-01 9.924214e-01 -1.656245e-02 7.769566e+00 -9.924328e-01 1.219941e-01 1.394648e-02 -8.014687e+00 1.586131e-02 1.473901e-02 9.997656e-01 1.754971e-01
1.219621e-01 9.924069e-01 -1.593332e-02 7.794983e+00 -9.923971e-01 1.221968e-01 1.469346e-02 -8.121190e+00 1.652890e-02 1.402015e-02 9.997651e-01 1.870354e-01
1.244090e-01 9.920655e-01 -1.812484e-02 7.787503e+00 -9.921161e-01 1.246519e-01 1.294760e-02 -8.279939e+00 1.510417e-02 1.637116e-02 9.997519e-01 1.797544e-01
1.259929e-01 9.918806e-01 -1.728124e-02 7.830768e+00 -9.919272e-01 1.262127e-01 1.227774e-02 -8.426830e+00 1.435917e-02 1.559484e-02 9.997753e-01 1.906956e-01
1.288097e-01 9.915218e-01 -1.710707e-02 7.815203e+00 -9.915392e-01 1.290531e-01 1.397359e-02 -8.580359e+00 1.606284e-02 1.516241e-02 9.997560e-01 1.888399e-01
1.319503e-01 9.911035e-01 -1.740492e-02 7.827374e+00 -9.911078e-01 1.322142e-01 1.499351e-02 -8.709821e+00 1.716130e-02 1.527176e-02 9.997361e-01 1.895865e-01
1.342867e-01 9.908020e-01 -1.668607e-02 7.854756e+00 -9.907967e-01 1.345367e-01 1.489052e-02 -8.847865e+00 1.699845e-02 1.453291e-02 9.997499e-01 1.918605e-01
1.362433e-01 9.905166e-01 -1.774026e-02 7.876239e+00 -9.905348e-01 1.365038e-01 1.440703e-02 -9.000557e+00 1.669201e-02 1.560949e-02 9.997388e-01 1.977280e-01
1.363189e-01 9.905204e-01 -1.692696e-02 7.858311e+00 -9.905511e-01 1.365424e-01 1.283210e-02 -9.123469e+00 1.502170e-02 1.501777e-02 9.997744e-01 1.994182e-01
1.374002e-01 9.903641e-01 -1.732422e-02 7.887427e+00 -9.903473e-01 1.376783e-01 1.603047e-02 -9.257195e+00 1.826117e-02 1.495442e-02 9.997214e-01 2.051525e-01
1.403602e-01 9.899625e-01 -1.653077e-02 7.887863e+00 -9.899388e-01 1.406195e-01 1.572777e-02 -9.406424e+00 1.789445e-02 1.415691e-02 9.997397e-01 1.992660e-01
1.438624e-01 9.894579e-01 -1.663510e-02 7.914427e+00 -9.894276e-01 1.441291e-01 1.612084e-02 -9.555110e+00 1.834850e-02 1.414005e-02 9.997317e-01 2.002366e-01
1.466528e-01 9.890201e-01 -1.822698e-02 7.938644e+00 -9.890259e-01 1.469374e-01 1.539723e-02 -9.695643e+00 1.790639e-02 1.576892e-02 9.997153e-01 2.086195e-01
1.478259e-01 9.888549e-01 -1.770782e-02 7.946407e+00 -9.888365e-01 1.481144e-01 1.626270e-02 -9.853069e+00 1.870424e-02 1.510610e-02 9.997109e-01 2.093168e-01
1.482215e-01 9.888071e-01 -1.705344e-02 7.973782e+00 -9.887546e-01 1.485159e-01 1.752918e-02 -9.989867e+00 1.986569e-02 1.426348e-02 9.997009e-01 2.169922e-01
1.496630e-01 9.885290e-01 -2.028498e-02 7.974934e+00 -9.885477e-01 1.500043e-01 1.649516e-02 -1.012729e+01 1.934878e-02 1.758397e-02 9.996582e-01 2.155707e-01
1.514344e-01 9.883562e-01 -1.482190e-02 7.966861e+00 -9.883092e-01 1.516614e-01 1.561518e-02 -1.029230e+01 1.768128e-02 1.228396e-02 9.997682e-01 2.096700e-01
1.505501e-01 9.884400e-01 -1.791676e-02 8.006437e+00 -9.884665e-01 1.508052e-01 1.384883e-02 -1.045796e+01 1.639068e-02 1.562519e-02 9.997436e-01 2.258608e-01
1.436360e-01 9.894935e-01 -1.646984e-02 7.994653e+00 -9.894759e-01 1.438879e-01 1.528984e-02 -1.062382e+01 1.749901e-02 1.410035e-02 9.997475e-01 2.285426e-01
1.384795e-01 9.902110e-01 -1.748168e-02 8.009883e+00 -9.901542e-01 1.387929e-01 1.820073e-02 -1.074143e+01 2.044890e-02 1.478915e-02 9.996815e-01 2.226116e-01
1.360069e-01 9.905484e-01 -1.777707e-02 8.033806e+00 -9.904600e-01 1.363523e-01 1.992416e-02 -1.086800e+01 2.215979e-02 1.489767e-02 9.996434e-01 2.301729e-01
1.369059e-01 9.904311e-01 -1.740834e-02 8.040306e+00 -9.903467e-01 1.372366e-01 1.948005e-02 -1.099536e+01 2.168271e-02 1.457338e-02 9.996587e-01 2.347653e-01
1.400436e-01 9.900293e-01 -1.515506e-02 8.062164e+00 -9.899206e-01 1.403215e-01 1.916028e-02 -1.113741e+01 2.109582e-02 1.231905e-02 9.997016e-01 2.316705e-01
1.428038e-01 9.896185e-01 -1.619533e-02 8.088947e+00 -9.895546e-01 1.430823e-01 1.758139e-02 -1.129196e+01 1.971614e-02 1.351548e-02 9.997143e-01 2.465758e-01
1.440494e-01 9.894037e-01 -1.816926e-02 8.097014e+00 -9.893762e-01 1.443607e-01 1.716747e-02 -1.145369e+01 1.960848e-02 1.550329e-02 9.996875e-01 2.383366e-01
1.369098e-01 9.904724e-01 -1.483510e-02 8.116976e+00 -9.904115e-01 1.371498e-01 1.658476e-02 -1.162942e+01 1.846138e-02 1.242225e-02 9.997524e-01 2.525326e-01
1.300781e-01 9.913172e-01 -1.923396e-02 8.134979e+00 -9.912180e-01 1.304818e-01 2.147987e-02 -1.175574e+01 2.380305e-02 1.627100e-02 9.995842e-01 2.536087e-01
1.298618e-01 9.913665e-01 -1.812017e-02 8.135487e+00 -9.912469e-01 1.302410e-01 2.160876e-02 -1.188795e+01 2.378220e-02 1.515542e-02 9.996023e-01 2.494782e-01
1.314360e-01 9.911989e-01 -1.578851e-02 8.163411e+00 -9.910960e-01 1.317311e-01 1.938284e-02 -1.201662e+01 2.129209e-02 1.310034e-02 9.996875e-01 2.666205e-01
1.328276e-01 9.909507e-01 -1.932630e-02 8.180294e+00 -9.908699e-01 1.332208e-01 2.071600e-02 -1.216241e+01 2.310321e-02 1.639820e-02 9.995986e-01 2.643308e-01
1.333397e-01 9.909054e-01 -1.808179e-02 8.194988e+00 -9.907855e-01 1.337166e-01 2.154065e-02 -1.230719e+01 2.376259e-02 1.504297e-02 9.996044e-01 2.606416e-01
1.339952e-01 9.907989e-01 -1.905032e-02 8.204699e+00 -9.906795e-01 1.344045e-01 2.212513e-02 -1.244388e+01 2.448200e-02 1.590811e-02 9.995737e-01 2.673054e-01
1.367077e-01 9.904366e-01 -1.861201e-02 8.217664e+00 -9.903094e-01 1.371058e-01 2.211800e-02 -1.256413e+01 2.445829e-02 1.540796e-02 9.995821e-01 2.632028e-01
1.394962e-01 9.901237e-01 -1.399350e-02 8.222032e+00 -9.899779e-01 1.397619e-01 2.025809e-02 -1.268997e+01 2.201377e-02 1.102734e-02 9.996968e-01 2.736320e-01
1.428209e-01 9.895783e-01 -1.835666e-02 8.251501e+00 -9.894903e-01 1.431827e-01 2.018889e-02 -1.285928e+01 2.260684e-02 1.528035e-02 9.996277e-01 2.704303e-01
1.440422e-01 9.894204e-01 -1.729702e-02 8.275809e+00 -9.892703e-01 1.444076e-01 2.215138e-02 -1.302234e+01 2.441485e-02 1.392071e-02 9.996050e-01 2.763743e-01
1.450334e-01 9.892493e-01 -1.874038e-02 8.291352e+00 -9.890483e-01 1.454757e-01 2.490497e-02 -1.315065e+01 2.736350e-02 1.492310e-02 9.995142e-01 2.871330e-01
1.474249e-01 9.889107e-01 -1.793047e-02 8.297544e+00 -9.887071e-01 1.478394e-01 2.453114e-02 -1.327406e+01 2.690993e-02 1.411149e-02 9.995383e-01 2.850997e-01
1.495213e-01 9.885865e-01 -1.844160e-02 8.312148e+00 -9.883818e-01 1.499531e-01 2.480964e-02 -1.341728e+01 2.729186e-02 1.451778e-02 9.995221e-01 2.813456e-01
1.505503e-01 9.884154e-01 -1.922356e-02 8.325213e+00 -9.882274e-01 1.510002e-01 2.460590e-02 -1.357047e+01 2.722362e-02 1.529283e-02 9.995124e-01 2.905513e-01
1.493603e-01 9.885840e-01 -1.982633e-02 8.323691e+00 -9.884509e-01 1.497996e-01 2.290971e-02 -1.372049e+01 2.561815e-02 1.617556e-02 9.995409e-01 2.909067e-01
1.489689e-01 9.886709e-01 -1.839014e-02 8.344092e+00 -9.884431e-01 1.494112e-01 2.562315e-02 -1.387456e+01 2.808056e-02 1.436056e-02 9.995025e-01 2.917474e-01
1.497491e-01 9.885253e-01 -1.982026e-02 8.364064e+00 -9.883321e-01 1.502241e-01 2.514562e-02 -1.400793e+01 2.783457e-02 1.582348e-02 9.994873e-01 3.068425e-01
1.508835e-01 9.883731e-01 -1.878440e-02 8.363544e+00 -9.881215e-01 1.513511e-01 2.662153e-02 -1.415583e+01 2.915504e-02 1.454454e-02 9.994691e-01 2.966584e-01
1.514030e-01 9.883286e-01 -1.684459e-02 8.384016e+00 -9.880537e-01 1.518127e-01 2.650902e-02 -1.428454e+01 2.875685e-02 1.262983e-02 9.995066e-01 3.115734e-01
1.505507e-01 9.883903e-01 -2.047238e-02 8.421738e+00 -9.881558e-01 1.510727e-01 2.692870e-02 -1.442229e+01 2.970889e-02 1.617578e-02 9.994277e-01 3.121805e-01
1.512660e-01 9.883546e-01 -1.654933e-02 8.415322e+00 -9.880678e-01 1.516708e-01 2.679729e-02 -1.457652e+01 2.899527e-02 1.229836e-02 9.995039e-01 3.028403e-01
1.536338e-01 9.879429e-01 -1.911971e-02 8.464092e+00 -9.877110e-01 1.541022e-01 2.606511e-02 -1.471535e+01 2.869723e-02 1.488028e-02 9.994774e-01 3.214251e-01
1.582526e-01 9.872214e-01 -1.870942e-02 8.460373e+00 -9.869758e-01 1.587109e-01 2.626079e-02 -1.486554e+01 2.889461e-02 1.430992e-02 9.994800e-01 3.257963e-01
1.603838e-01 9.869018e-01 -1.737511e-02 8.485931e+00 -9.866733e-01 1.607863e-01 2.497057e-02 -1.502848e+01 2.743718e-02 1.313870e-02 9.995372e-01 3.359056e-01
1.609452e-01 9.867637e-01 -1.984847e-02 8.505190e+00 -9.865353e-01 1.614351e-01 2.620671e-02 -1.521178e+01 2.906408e-02 1.536338e-02 9.994595e-01 3.351068e-01
1.578767e-01 9.872730e-01 -1.915681e-02 8.537159e+00 -9.870407e-01 1.583446e-01 2.603099e-02 -1.535582e+01 2.873308e-02 1.479888e-02 9.994776e-01 3.450050e-01
1.573687e-01 9.873273e-01 -2.049205e-02 8.531001e+00 -9.871184e-01 1.578739e-01 2.594320e-02 -1.548514e+01 2.884959e-02 1.614544e-02 9.994534e-01 3.536558e-01
1.581468e-01 9.872364e-01 -1.880993e-02 8.539547e+00 -9.869902e-01 1.586091e-01 2.633422e-02 -1.562588e+01 2.898153e-02 1.440056e-02 9.994762e-01 3.512881e-01
1.601322e-01 9.869271e-01 -1.823837e-02 8.560392e+00 -9.866085e-01 1.606063e-01 2.844693e-02 -1.577015e+01 3.100425e-02 1.343888e-02 9.994289e-01 3.528571e-01
1.627153e-01 9.864739e-01 -1.982490e-02 8.590753e+00 -9.861969e-01 1.632281e-01 2.779128e-02 -1.590543e+01 3.065135e-02 1.502920e-02 9.994171e-01 3.594635e-01
1.621325e-01 9.866032e-01 -1.808902e-02 8.599134e+00 -9.863168e-01 1.625859e-01 2.729599e-02 -1.605527e+01 2.987133e-02 1.341594e-02 9.994637e-01 3.682401e-01
1.618092e-01 9.866317e-01 -1.938220e-02 8.613894e+00 -9.863574e-01 1.623045e-01 2.750265e-02 -1.621754e+01 3.028081e-02 1.466761e-02 9.994338e-01 3.775049e-01
1.613926e-01 9.867281e-01 -1.789008e-02 8.632241e+00 -9.863665e-01 1.618710e-01 2.964575e-02 -1.635248e+01 3.214818e-02 1.286158e-02 9.994004e-01 3.684512e-01
1.627730e-01 9.864169e-01 -2.205938e-02 8.663404e+00 -9.860095e-01 1.634384e-01 3.276035e-02 -1.645699e+01 3.592071e-02 1.641827e-02 9.992198e-01 3.791618e-01
1.662127e-01 9.859021e-01 -1.924823e-02 8.654699e+00 -9.854069e-01 1.667923e-01 3.396306e-02 -1.657414e+01 3.669471e-02 1.332226e-02 9.992377e-01 3.699839e-01
1.688634e-01 9.854942e-01 -1.691838e-02 8.692840e+00 -9.851136e-01 1.693091e-01 2.976027e-02 -1.670752e+01 3.219301e-02 1.164112e-02 9.994139e-01 3.693426e-01
1.683621e-01 9.855547e-01 -1.833516e-02 8.719415e+00 -9.851954e-01 1.688523e-01 2.964813e-02 -1.687341e+01 3.231579e-02 1.307210e-02 9.993922e-01 3.745308e-01
1.695790e-01 9.853383e-01 -1.874757e-02 8.733898e+00 -9.851511e-01 1.700035e-01 2.400366e-02 -1.702455e+01 2.683888e-02 1.439868e-02 9.995361e-01 3.943917e-01
1.711414e-01 9.851198e-01 -1.579564e-02 8.782893e+00 -9.846434e-01 1.715756e-01 3.223650e-02 -1.719442e+01 3.446696e-02 1.003608e-02 9.993554e-01 3.885894e-01
1.734613e-01 9.846995e-01 -1.667251e-02 8.795364e+00 -9.842884e-01 1.739061e-01 3.054534e-02 -1.732056e+01 3.297743e-02 1.111214e-02 9.993943e-01 4.158052e-01
1.765311e-01 9.840475e-01 -2.207564e-02 8.789392e+00 -9.836289e-01 1.771923e-01 3.281892e-02 -1.747559e+01 3.620701e-02 1.592069e-02 9.992175e-01 4.085947e-01
1.756698e-01 9.843603e-01 -1.322828e-02 8.839750e+00 -9.839579e-01 1.759907e-01 2.922643e-02 -1.761429e+01 3.109740e-02 7.881877e-03 9.994853e-01 4.042554e-01
1.745588e-01 9.843919e-01 -2.240264e-02 8.866609e+00 -9.839659e-01 1.752389e-01 3.320366e-02 -1.774752e+01 3.661123e-02 1.624746e-02 9.991975e-01 4.261738e-01
1.752285e-01 9.842763e-01 -2.225083e-02 8.859316e+00 -9.839192e-01 1.758700e-01 3.118901e-02 -1.789103e+01 3.461186e-02 1.642783e-02 9.992658e-01 4.130113e-01
1.752909e-01 9.843835e-01 -1.619364e-02 8.899755e+00 -9.838508e-01 1.757535e-01 3.388696e-02 -1.803209e+01 3.620385e-02 9.992058e-03 9.992945e-01 4.144821e-01
1.795156e-01 9.835516e-01 -2.000791e-02 8.910162e+00 -9.831354e-01 1.800872e-01 3.183235e-02 -1.818953e+01 3.491193e-02 1.395609e-02 9.992929e-01 4.296444e-01
1.786771e-01 9.837637e-01 -1.683476e-02 8.897347e+00 -9.833262e-01 1.791336e-01 3.131830e-02 -1.836875e+01 3.382548e-02 1.095821e-02 9.993677e-01 4.316925e-01
1.768355e-01 9.840439e-01 -1.966890e-02 8.950375e+00 -9.835459e-01 1.774261e-01 3.402017e-02 -1.851354e+01 3.696711e-02 1.332931e-02 9.992276e-01 4.502774e-01
1.772354e-01 9.839260e-01 -2.184419e-02 8.964549e+00 -9.835641e-01 1.778606e-01 3.109961e-02 -1.865925e+01 3.448493e-02 1.597322e-02 9.992776e-01 4.415289e-01
1.779808e-01 9.838346e-01 -1.980915e-02 8.985492e+00 -9.832733e-01 1.785985e-01 3.572246e-02 -1.879343e+01 3.868288e-02 1.311991e-02 9.991654e-01 4.540602e-01
1.804264e-01 9.831617e-01 -2.897080e-02 9.007287e+00 -9.823771e-01 1.815874e-01 4.428624e-02 -1.890056e+01 4.880127e-02 2.046986e-02 9.985987e-01 4.657253e-01
1.818790e-01 9.831371e-01 -1.900977e-02 8.995069e+00 -9.824963e-01 1.824841e-01 3.742496e-02 -1.899525e+01 4.026285e-02 1.187022e-02 9.991186e-01 4.454876e-01
1.809701e-01 9.833322e-01 -1.754050e-02 9.019025e+00 -9.826071e-01 1.815341e-01 3.909697e-02 -1.912278e+01 4.162951e-02 1.016005e-02 9.990815e-01 4.561055e-01
1.840606e-01 9.826687e-01 -2.199693e-02 9.038765e+00 -9.821265e-01 1.847630e-01 3.591788e-02 -1.927613e+01 3.935960e-02 1.499271e-02 9.991126e-01 4.651399e-01
1.858184e-01 9.824162e-01 -1.816237e-02 9.049815e+00 -9.817634e-01 1.863868e-01 3.742505e-02 -1.942767e+01 4.015220e-02 1.087690e-02 9.991344e-01 4.549512e-01
1.898058e-01 9.816987e-01 -1.553610e-02 9.080941e+00 -9.810328e-01 1.902638e-01 3.707189e-02 -1.958711e+01 3.934938e-02 8.204975e-03 9.991918e-01 4.804439e-01
1.924659e-01 9.810847e-01 -2.073052e-02 9.117693e+00 -9.806325e-01 1.930725e-01 3.290815e-02 -1.975080e+01 3.628818e-02 1.399534e-02 9.992434e-01 4.730415e-01
1.921721e-01 9.811529e-01 -2.021855e-02 9.141998e+00 -9.805449e-01 1.928116e-01 3.681642e-02 -1.992795e+01 4.002091e-02 1.275012e-02 9.991175e-01 4.948797e-01
1.927894e-01 9.809994e-01 -2.173606e-02 9.148996e+00 -9.803951e-01 1.934953e-01 3.721653e-02 -2.007532e+01 4.071522e-02 1.413499e-02 9.990708e-01 5.019883e-01
1.936870e-01 9.808805e-01 -1.894163e-02 9.164787e+00 -9.802441e-01 1.942780e-01 3.711626e-02 -2.021287e+01 4.008656e-02 1.137850e-02 9.991314e-01 5.031263e-01
1.943380e-01 9.807169e-01 -2.066653e-02 9.187832e+00 -9.800801e-01 1.950048e-01 3.763008e-02 -2.039515e+01 4.093453e-02 1.294191e-02 9.990780e-01 5.126297e-01
1.778318e-01 9.838567e-01 -2.004829e-02 9.215070e+00 -9.833803e-01 1.784295e-01 3.355631e-02 -2.057633e+01 3.659181e-02 1.374773e-02 9.992357e-01 5.247673e-01
1.630494e-01 9.864194e-01 -1.979112e-02 9.208873e+00 -9.857117e-01 1.637265e-01 3.957374e-02 -2.070684e+01 4.227664e-02 1.305587e-02 9.990206e-01 5.250265e-01
1.599753e-01 9.868733e-01 -2.211227e-02 9.247005e+00 -9.862844e-01 1.607217e-01 3.757200e-02 -2.081145e+01 4.063273e-02 1.579840e-02 9.990492e-01 5.373780e-01
1.573317e-01 9.873683e-01 -1.872467e-02 9.254306e+00 -9.866921e-01 1.579556e-01 3.858275e-02 -2.094197e+01 4.105305e-02 1.240521e-02 9.990800e-01 5.366657e-01
1.576332e-01 9.872853e-01 -2.048233e-02 9.271095e+00 -9.865427e-01 1.583589e-01 4.069277e-02 -2.107829e+01 4.341893e-02 1.379217e-02 9.989617e-01 5.440641e-01
1.586875e-01 9.871486e-01 -1.886332e-02 9.279041e+00 -9.864981e-01 1.593086e-01 3.797665e-02 -2.121751e+01 4.049369e-02 1.258222e-02 9.991006e-01 5.491520e-01
1.595532e-01 9.870239e-01 -1.807356e-02 9.303576e+00 -9.862639e-01 1.601694e-01 4.036309e-02 -2.138057e+01 4.273417e-02 1.138525e-02 9.990216e-01 5.537346e-01
1.604806e-01 9.868191e-01 -2.083383e-02 9.320050e+00 -9.861044e-01 1.612113e-01 4.011303e-02 -2.151989e+01 4.294296e-02 1.410698e-02 9.989779e-01 5.613623e-01
1.587019e-01 9.871222e-01 -2.008783e-02 9.327202e+00 -9.864432e-01 1.593876e-01 3.905659e-02 -2.169955e+01 4.175538e-02 1.361716e-02 9.990351e-01 5.688375e-01
1.457573e-01 9.891388e-01 -1.895512e-02 9.334489e+00 -9.884672e-01 1.464004e-01 3.872271e-02 -2.186699e+01 4.107718e-02 1.309241e-02 9.990702e-01 5.717220e-01
1.356123e-01 9.905938e-01 -1.825341e-02 9.353528e+00 -9.898242e-01 1.362623e-01 4.099459e-02 -2.200297e+01 4.309624e-02 1.250831e-02 9.989926e-01 5.849370e-01
1.329749e-01 9.908954e-01 -2.107136e-02 9.396263e+00 -9.901881e-01 1.337413e-01 4.050530e-02 -2.212027e+01 4.295463e-02 1.547843e-02 9.989571e-01 5.943572e-01
1.321307e-01 9.910120e-01 -2.089580e-02 9.397365e+00 -9.903558e-01 1.328709e-01 3.925186e-02 -2.223824e+01 4.167551e-02 1.550792e-02 9.990108e-01 5.976553e-01
1.318230e-01 9.910872e-01 -1.920517e-02 9.419196e+00 -9.903072e-01 1.325250e-01 4.157953e-02 -2.238617e+01 4.375411e-02 1.353789e-02 9.989506e-01 6.052781e-01
1.320745e-01 9.910194e-01 -2.090068e-02 9.435173e+00 -9.902760e-01 1.328463e-01 4.129431e-02 -2.253373e+01 4.370004e-02 1.524353e-02 9.989284e-01 6.187260e-01
1.274549e-01 9.916056e-01 -2.176313e-02 9.427673e+00 -9.909510e-01 1.282405e-01 3.962850e-02 -2.271307e+01 4.208676e-02 1.651537e-02 9.989775e-01 6.183193e-01
